"country","dias","otimista","casos_estimados","pessimista","estimativa_mortes","casos_confirmados","mortes_confirmadas","latitude","longitude"
"Cuba",2019-12-30,4,6,8,0,0,NA,"21.521757","0"
"Cuba",2019-12-31,4,6,8,0,0,NA,"21.521757","0"
"Cuba",2020-01-01,4,6,8,0,0,NA,"21.521757","0"
"Cuba",2020-01-02,4,7,10,0,0,NA,"21.521757","0"
"Cuba",2020-01-03,4,7,10,0,0,NA,"21.521757","0"
"Cuba",2020-01-04,4,7,10,0,0,NA,"21.521757","0"
"Cuba",2020-01-05,5,8,11,0,0,NA,"21.521757","0"
"Cuba",2020-01-06,5,8,11,0,0,NA,"21.521757","0"
"Cuba",2020-01-07,5,8,11,0,0,NA,"21.521757","0"
"Cuba",2020-01-08,5,9,13,0,0,NA,"21.521757","0"
"Cuba",2020-01-09,5,9,13,0,0,NA,"21.521757","0"
"Cuba",2020-01-10,6,10,14,0,0,NA,"21.521757","0"
"Cuba",2020-01-11,6,10,14,0,0,NA,"21.521757","0"
"Cuba",2020-01-12,6,10,14,0,0,NA,"21.521757","0"
"Cuba",2020-01-13,7,11,15,0,0,NA,"21.521757","0"
"Cuba",2020-01-14,7,11,15,0,0,NA,"21.521757","0"
"Cuba",2020-01-15,7,12,17,1,0,NA,"21.521757","0"
"Cuba",2020-01-16,7,12,17,1,0,NA,"21.521757","0"
"Cuba",2020-01-17,8,13,18,1,0,NA,"21.521757","0"
"Cuba",2020-01-18,9,14,19,1,0,NA,"21.521757","0"
"Cuba",2020-01-19,9,14,19,1,0,NA,"21.521757","0"
"Cuba",2020-01-20,9,15,21,1,0,NA,"21.521757","0"
"Cuba",2020-01-21,10,16,22,1,0,NA,"21.521757","0"
"Cuba",2020-01-22,10,16,22,1,0,NA,"21.521757","0"
"Cuba",2020-01-23,10,17,24,1,0,NA,"21.521757","0"
"Cuba",2020-01-24,11,18,25,1,0,NA,"21.521757","0"
"Cuba",2020-01-25,12,19,26,1,0,NA,"21.521757","0"
"Cuba",2020-01-26,12,19,26,1,0,NA,"21.521757","0"
"Cuba",2020-01-27,12,20,28,1,0,NA,"21.521757","0"
"Cuba",2020-01-28,13,21,29,1,0,NA,"21.521757","0"
"Cuba",2020-01-29,13,22,31,1,0,NA,"21.521757","0"
"Cuba",2020-01-30,14,23,32,1,0,NA,"21.521757","0"
"Cuba",2020-01-31,15,24,33,1,0,NA,"21.521757","0"
"Cuba",2020-02-01,15,25,35,1,0,NA,"21.521757","0"
"Cuba",2020-02-02,16,26,36,1,0,NA,"21.521757","0"
"Cuba",2020-02-03,17,28,39,1,0,NA,"21.521757","0"
"Cuba",2020-02-04,18,29,40,1,0,NA,"21.521757","0"
"Cuba",2020-02-05,18,30,42,1,0,NA,"21.521757","0"
"Cuba",2020-02-06,20,32,44,1,0,NA,"21.521757","0"
"Cuba",2020-02-07,20,33,46,1,0,NA,"21.521757","0"
"Cuba",2020-02-08,21,35,49,2,0,NA,"21.521757","0"
"Cuba",2020-02-09,22,36,50,2,0,NA,"21.521757","0"
"Cuba",2020-02-10,23,38,53,2,0,NA,"21.521757","0"
"Cuba",2020-02-11,24,39,54,2,0,NA,"21.521757","0"
"Cuba",2020-02-12,25,41,57,2,0,NA,"21.521757","0"
"Cuba",2020-02-13,26,43,60,2,0,NA,"21.521757","0"
"Cuba",2020-02-14,27,45,63,2,0,NA,"21.521757","0"
"Cuba",2020-02-15,29,47,65,2,0,NA,"21.521757","0"
"Cuba",2020-02-16,30,49,68,2,0,NA,"21.521757","0"
"Cuba",2020-02-17,32,52,72,2,0,NA,"21.521757","0"
"Cuba",2020-02-18,33,54,75,2,0,NA,"21.521757","0"
"Cuba",2020-02-19,34,56,78,2,0,NA,"21.521757","0"
"Cuba",2020-02-20,36,59,82,3,0,NA,"21.521757","0"
"Cuba",2020-02-21,38,62,86,3,0,NA,"21.521757","0"
"Cuba",2020-02-22,39,64,89,3,0,NA,"21.521757","0"
"Cuba",2020-02-23,41,67,93,3,0,NA,"21.521757","0"
"Cuba",2020-02-24,43,70,97,3,0,NA,"21.521757","0"
"Cuba",2020-02-25,45,74,103,3,0,NA,"21.521757","0"
"Cuba",2020-02-26,47,77,107,3,0,NA,"21.521757","0"
"Cuba",2020-02-27,49,80,111,3,0,NA,"21.521757","0"
"Cuba",2020-02-28,51,84,117,4,0,NA,"21.521757","0"
"Cuba",2020-02-29,54,88,122,4,0,NA,"21.521757","0"
"Cuba",2020-03-01,56,92,128,4,0,NA,"21.521757","0"
"Cuba",2020-03-02,59,96,133,4,0,NA,"21.521757","0"
"Cuba",2020-03-03,61,100,139,4,0,NA,"21.521757","0"
"Cuba",2020-03-04,64,105,146,5,0,NA,"21.521757","0"
"Cuba",2020-03-05,67,110,153,5,0,NA,"21.521757","0"
"Cuba",2020-03-06,70,115,160,5,0,NA,"21.521757","0"
"Cuba",2020-03-07,73,120,167,5,0,NA,"21.521757","0"
"Cuba",2020-03-08,76,125,174,5,0,NA,"21.521757","0"
"Cuba",2020-03-09,80,131,182,6,0,NA,"21.521757","0"
"Cuba",2020-03-10,84,137,190,6,0,0,"21.521757","0"
"Cuba",2020-03-11,87,143,199,6,3,NA,"21.521757","0"
"Cuba",2020-03-12,91,150,209,6,0,0,"21.521757","0"
"Cuba",2020-03-13,95,156,217,7,4,0,"21.521757","0"
"Cuba",2020-03-14,99,163,227,7,4,NA,"21.521757","0"
"Cuba",2020-03-15,104,171,238,7,0,NA,"21.521757","0"
"Cuba",2020-03-16,109,179,249,8,0,0,"21.521757","0"
"Cuba",2020-03-17,114,187,260,8,7,1,"21.521757","0"
"Cuba",2020-03-18,119,195,271,8,11,1,"21.521757","0"
"Cuba",2020-03-19,124,204,284,9,16,1,"21.521757","0"
"Cuba",2020-03-20,130,213,296,9,21,1,"21.521757","0"
"Cuba",2020-03-21,136,223,310,10,25,1,"21.521757","0"
"Cuba",2020-03-22,142,233,324,10,35,1,"21.521757","0"
"Cuba",2020-03-23,149,244,339,11,40,1,"21.521757","0"
"Cuba",2020-03-24,155,255,355,11,48,1,"21.521757","0"
"Cuba",2020-03-25,162,266,370,12,57,2,"21.521757","0"
"Cuba",2020-03-26,170,279,388,12,67,2,"21.521757","0"
"Cuba",2020-03-27,177,291,405,13,80,3,"21.521757","0"
"Cuba",2020-03-28,185,304,423,13,119,3,"21.521757","0"
"Cuba",2020-03-29,194,318,442,14,139,4,"21.521757","0"
"Cuba",2020-03-30,203,333,463,14,170,6,"21.521757","0"
"Cuba",2020-03-31,212,348,484,15,186,6,"21.521757","0"
"Cuba",2020-04-01,222,364,506,16,212,6,"21.521757","0"
"Cuba",2020-04-02,232,380,528,16,233,6,"21.521757","0"
"Cuba",2020-04-03,242,397,552,17,269,6,"21.521757","0"
"Cuba",2020-04-04,253,415,577,18,288,8,"21.521757","0"
"Cuba",2020-04-05,265,434,603,19,320,9,"21.521757","0"
"Cuba",2020-04-06,277,454,631,20,350,11,"21.521757","0"
"Cuba",2020-04-07,289,474,659,20,396,12,"21.521757","0"
"Cuba",2020-04-08,302,496,690,21,457,15,"21.521757","0"
"Cuba",2020-04-09,316,519,722,22,515,15,"21.521757","0"
"Cuba",2020-04-10,330,542,754,23,564,16,"21.521757","0"
"Cuba",2020-04-11,346,567,788,25,620,18,"21.521757","0"
"Cuba",2020-04-12,361,592,823,26,669,21,"21.521757","0"
"Cuba",2020-04-13,377,619,861,27,726,21,"21.521757","0"
"Cuba",2020-04-14,394,647,900,28,766,24,"21.521757","0"
"Cuba",2020-04-15,413,677,941,29,814,27,"21.521757","0"
"Cuba",2020-04-16,432,708,984,31,862,31,"21.521757","0"
"Cuba",2020-04-17,451,740,1029,32,923,32,"21.521757","0"
"Cuba",2020-04-18,471,773,1075,33,986,34,"21.521757","0"
"Cuba",2020-04-19,492,808,1124,35,1035,36,"21.521757","0"
"Cuba",2020-04-20,515,845,1175,37,1087,38,"21.521757","0"
"Cuba",2020-04-21,538,883,1228,38,1137,40,"21.521757","0"
"Cuba",2020-04-22,563,924,1285,40,1189,43,"21.521757","0"
"Cuba",2020-04-23,588,965,1342,42,1235,49,"21.521757","0"
"Cuba",2020-04-24,615,1009,1403,44,1285,51,"21.521757","0"
"Cuba",2020-04-25,643,1055,1467,46,1337,54,"21.521757","0"
"Cuba",2020-04-26,672,1103,1534,48,1369,56,"21.521757","0"
"Cuba",2020-04-27,703,1153,1603,50,1389,58,"21.521757","0"
"Cuba",2020-04-28,734,1205,1676,52,1437,58,"21.521757","0"
"Cuba",2020-04-29,768,1260,1752,54,1467,61,"21.521757","0"
"Cuba",2020-04-30,803,1317,1831,57,1501,64,"21.521757","0"
"Cuba",2020-05-01,839,1377,1915,60,1537,66,"21.521757","0"
"Cuba",2020-05-02,878,1440,2002,62,1611,67,"21.521757","0"
"Cuba",2020-05-03,917,1505,2093,65,1649,69,"21.521757","0"
"Cuba",2020-05-04,959,1573,2187,68,1668,69,"21.521757","0"
"Cuba",2020-05-05,1003,1645,2287,71,1685,69,"21.521757","0"
"Cuba",2020-05-06,1048,1720,2392,74,1703,73,"21.521757","0"
"Cuba",2020-05-07,1096,1798,2500,78,1729,74,"21.521757","0"
"Cuba",2020-05-08,1145,1879,2613,81,1741,74,"21.521757","0"
"Cuba",2020-05-09,1197,1964,2731,85,1754,77,"21.521757","0"
"Cuba",2020-05-10,1252,2054,2856,89,1766,77,"21.521757","0"
"Cuba",2020-05-11,1309,2147,2985,93,1783,78,"21.521757","0"
"Cuba",2020-05-12,1368,2244,3120,97,1804,78,"21.521757","0"
"Cuba",2020-05-13,1430,2346,3262,101,NA,NA,"21.521757","0"
"Cuba",2020-05-14,1495,2453,3411,106,NA,NA,"21.521757","0"
"Cuba",2020-05-15,1563,2564,3565,111,NA,NA,"21.521757","0"
"Cuba",2020-05-16,1634,2681,3728,116,NA,NA,"21.521757","0"
"Cuba",2020-05-17,1708,2802,3896,121,NA,NA,"21.521757","0"
"Cuba",2020-05-18,1785,2929,4073,127,NA,NA,"21.521757","0"
"Cuba",2020-05-19,1866,3062,4258,132,NA,NA,"21.521757","0"
