"country","dias","otimista","casos_estimados","pessimista","estimativa_mortes","casos_confirmados","mortes_confirmadas","latitude","longitude"
"Trinidad.and.Tobago",2019-12-30,0,0,0,0,0,NA,"10.691803","0"
"Trinidad.and.Tobago",2019-12-31,0,0,0,0,0,NA,"10.691803","0"
"Trinidad.and.Tobago",2020-01-01,0,0,0,0,0,NA,"10.691803","0"
"Trinidad.and.Tobago",2020-01-02,0,0,0,0,0,NA,"10.691803","0"
"Trinidad.and.Tobago",2020-01-03,0,0,0,0,0,NA,"10.691803","0"
"Trinidad.and.Tobago",2020-01-04,0,0,0,0,0,NA,"10.691803","0"
"Trinidad.and.Tobago",2020-01-05,0,0,0,0,0,NA,"10.691803","0"
"Trinidad.and.Tobago",2020-01-06,0,0,0,0,0,NA,"10.691803","0"
"Trinidad.and.Tobago",2020-01-07,0,0,0,0,0,NA,"10.691803","0"
"Trinidad.and.Tobago",2020-01-08,0,0,0,0,0,NA,"10.691803","0"
"Trinidad.and.Tobago",2020-01-09,0,0,0,0,0,NA,"10.691803","0"
"Trinidad.and.Tobago",2020-01-10,0,0,0,0,0,NA,"10.691803","0"
"Trinidad.and.Tobago",2020-01-11,0,0,0,0,0,NA,"10.691803","0"
"Trinidad.and.Tobago",2020-01-12,0,0,0,0,0,NA,"10.691803","0"
"Trinidad.and.Tobago",2020-01-13,0,0,0,0,0,NA,"10.691803","0"
"Trinidad.and.Tobago",2020-01-14,0,0,0,0,0,NA,"10.691803","0"
"Trinidad.and.Tobago",2020-01-15,0,0,0,0,0,NA,"10.691803","0"
"Trinidad.and.Tobago",2020-01-16,0,0,0,0,0,NA,"10.691803","0"
"Trinidad.and.Tobago",2020-01-17,0,0,0,0,0,NA,"10.691803","0"
"Trinidad.and.Tobago",2020-01-18,0,0,0,0,0,NA,"10.691803","0"
"Trinidad.and.Tobago",2020-01-19,0,0,0,0,0,NA,"10.691803","0"
"Trinidad.and.Tobago",2020-01-20,0,0,0,0,0,NA,"10.691803","0"
"Trinidad.and.Tobago",2020-01-21,0,0,0,0,0,NA,"10.691803","0"
"Trinidad.and.Tobago",2020-01-22,0,0,0,0,0,NA,"10.691803","0"
"Trinidad.and.Tobago",2020-01-23,0,0,0,0,0,NA,"10.691803","0"
"Trinidad.and.Tobago",2020-01-24,0,0,0,0,0,NA,"10.691803","0"
"Trinidad.and.Tobago",2020-01-25,0,0,0,0,0,NA,"10.691803","0"
"Trinidad.and.Tobago",2020-01-26,0,0,0,0,0,NA,"10.691803","0"
"Trinidad.and.Tobago",2020-01-27,0,0,0,0,0,NA,"10.691803","0"
"Trinidad.and.Tobago",2020-01-28,0,0,0,0,0,NA,"10.691803","0"
"Trinidad.and.Tobago",2020-01-29,0,0,0,0,0,NA,"10.691803","0"
"Trinidad.and.Tobago",2020-01-30,0,1,2,0,0,NA,"10.691803","0"
"Trinidad.and.Tobago",2020-01-31,0,1,2,0,0,NA,"10.691803","0"
"Trinidad.and.Tobago",2020-02-01,0,1,2,0,0,NA,"10.691803","0"
"Trinidad.and.Tobago",2020-02-02,0,1,2,0,0,NA,"10.691803","0"
"Trinidad.and.Tobago",2020-02-03,0,1,2,0,0,NA,"10.691803","0"
"Trinidad.and.Tobago",2020-02-04,0,1,2,0,0,NA,"10.691803","0"
"Trinidad.and.Tobago",2020-02-05,0,1,2,0,0,NA,"10.691803","0"
"Trinidad.and.Tobago",2020-02-06,0,1,2,0,0,NA,"10.691803","0"
"Trinidad.and.Tobago",2020-02-07,0,1,2,0,0,NA,"10.691803","0"
"Trinidad.and.Tobago",2020-02-08,0,1,2,0,0,NA,"10.691803","0"
"Trinidad.and.Tobago",2020-02-09,0,1,2,0,0,NA,"10.691803","0"
"Trinidad.and.Tobago",2020-02-10,0,1,2,0,0,NA,"10.691803","0"
"Trinidad.and.Tobago",2020-02-11,0,1,2,0,0,NA,"10.691803","0"
"Trinidad.and.Tobago",2020-02-12,1,2,3,0,0,NA,"10.691803","0"
"Trinidad.and.Tobago",2020-02-13,1,2,3,0,0,NA,"10.691803","0"
"Trinidad.and.Tobago",2020-02-14,1,2,3,0,0,NA,"10.691803","0"
"Trinidad.and.Tobago",2020-02-15,1,2,3,0,0,NA,"10.691803","0"
"Trinidad.and.Tobago",2020-02-16,1,2,3,0,0,NA,"10.691803","0"
"Trinidad.and.Tobago",2020-02-17,1,2,3,0,0,NA,"10.691803","0"
"Trinidad.and.Tobago",2020-02-18,1,2,3,0,0,NA,"10.691803","0"
"Trinidad.and.Tobago",2020-02-19,1,3,5,0,0,NA,"10.691803","0"
"Trinidad.and.Tobago",2020-02-20,1,3,5,0,0,NA,"10.691803","0"
"Trinidad.and.Tobago",2020-02-21,1,3,5,0,0,NA,"10.691803","0"
"Trinidad.and.Tobago",2020-02-22,1,3,5,0,0,NA,"10.691803","0"
"Trinidad.and.Tobago",2020-02-23,2,4,6,0,0,NA,"10.691803","0"
"Trinidad.and.Tobago",2020-02-24,2,4,6,0,0,NA,"10.691803","0"
"Trinidad.and.Tobago",2020-02-25,2,4,6,0,0,NA,"10.691803","0"
"Trinidad.and.Tobago",2020-02-26,2,5,8,0,0,NA,"10.691803","0"
"Trinidad.and.Tobago",2020-02-27,2,5,8,0,0,NA,"10.691803","0"
"Trinidad.and.Tobago",2020-02-28,3,6,9,0,0,NA,"10.691803","0"
"Trinidad.and.Tobago",2020-02-29,3,6,9,0,0,NA,"10.691803","0"
"Trinidad.and.Tobago",2020-03-01,3,6,9,0,0,NA,"10.691803","0"
"Trinidad.and.Tobago",2020-03-02,3,7,11,1,0,NA,"10.691803","0"
"Trinidad.and.Tobago",2020-03-03,3,8,13,1,0,NA,"10.691803","0"
"Trinidad.and.Tobago",2020-03-04,3,8,13,1,0,NA,"10.691803","0"
"Trinidad.and.Tobago",2020-03-05,4,9,14,1,0,NA,"10.691803","0"
"Trinidad.and.Tobago",2020-03-06,4,10,16,1,0,NA,"10.691803","0"
"Trinidad.and.Tobago",2020-03-07,4,10,16,1,0,NA,"10.691803","0"
"Trinidad.and.Tobago",2020-03-08,5,11,17,1,0,NA,"10.691803","0"
"Trinidad.and.Tobago",2020-03-09,5,12,19,1,0,NA,"10.691803","0"
"Trinidad.and.Tobago",2020-03-10,5,13,21,1,0,NA,"10.691803","0"
"Trinidad.and.Tobago",2020-03-11,6,14,22,1,0,0,"10.691803","0"
"Trinidad.and.Tobago",2020-03-12,7,16,25,1,1,0,"10.691803","0"
"Trinidad.and.Tobago",2020-03-13,7,17,27,1,2,0,"10.691803","0"
"Trinidad.and.Tobago",2020-03-14,8,18,28,1,2,0,"10.691803","0"
"Trinidad.and.Tobago",2020-03-15,8,20,32,1,4,0,"10.691803","0"
"Trinidad.and.Tobago",2020-03-16,9,21,33,2,5,0,"10.691803","0"
"Trinidad.and.Tobago",2020-03-17,10,23,36,2,7,0,"10.691803","0"
"Trinidad.and.Tobago",2020-03-18,10,25,40,2,9,0,"10.691803","0"
"Trinidad.and.Tobago",2020-03-19,11,27,43,2,9,0,"10.691803","0"
"Trinidad.and.Tobago",2020-03-20,13,30,47,2,9,0,"10.691803","0"
"Trinidad.and.Tobago",2020-03-21,13,32,51,2,49,0,"10.691803","0"
"Trinidad.and.Tobago",2020-03-22,15,35,55,3,50,0,"10.691803","0"
"Trinidad.and.Tobago",2020-03-23,16,38,60,3,51,0,"10.691803","0"
"Trinidad.and.Tobago",2020-03-24,17,41,65,3,57,1,"10.691803","0"
"Trinidad.and.Tobago",2020-03-25,18,44,70,3,60,1,"10.691803","0"
"Trinidad.and.Tobago",2020-03-26,20,48,76,4,65,2,"10.691803","0"
"Trinidad.and.Tobago",2020-03-27,22,52,82,4,66,2,"10.691803","0"
"Trinidad.and.Tobago",2020-03-28,23,56,89,4,74,3,"10.691803","0"
"Trinidad.and.Tobago",2020-03-29,25,61,97,5,78,3,"10.691803","0"
"Trinidad.and.Tobago",2020-03-30,28,66,104,5,85,3,"10.691803","0"
"Trinidad.and.Tobago",2020-03-31,30,71,112,5,87,5,"10.691803","0"
"Trinidad.and.Tobago",2020-04-01,32,77,122,6,89,6,"10.691803","0"
"Trinidad.and.Tobago",2020-04-02,35,84,133,6,97,6,"10.691803","0"
"Trinidad.and.Tobago",2020-04-03,38,91,144,7,100,6,"10.691803","0"
"Trinidad.and.Tobago",2020-04-04,41,98,155,7,103,7,"10.691803","0"
"Trinidad.and.Tobago",2020-04-05,44,106,168,8,104,8,"10.691803","0"
"Trinidad.and.Tobago",2020-04-06,48,115,182,9,105,8,"10.691803","0"
"Trinidad.and.Tobago",2020-04-07,52,125,198,9,107,8,"10.691803","0"
"Trinidad.and.Tobago",2020-04-08,56,135,214,10,107,8,"10.691803","0"
"Trinidad.and.Tobago",2020-04-09,61,147,233,11,NA,NA,"10.691803","0"
"Trinidad.and.Tobago",2020-04-10,66,159,252,12,NA,NA,"10.691803","0"
"Trinidad.and.Tobago",2020-04-11,72,172,272,13,NA,NA,"10.691803","0"
"Trinidad.and.Tobago",2020-04-12,78,186,294,14,NA,NA,"10.691803","0"
"Trinidad.and.Tobago",2020-04-13,84,202,320,15,NA,NA,"10.691803","0"
"Trinidad.and.Tobago",2020-04-14,91,219,347,16,NA,NA,"10.691803","0"
"Trinidad.and.Tobago",2020-04-15,99,237,375,18,NA,NA,"10.691803","0"
