"country","dias","otimista","casos_estimados","pessimista","estimativa_mortes","casos_confirmados","mortes_confirmadas","latitude","longitude"
"Montenegro",2019-12-30,5,11,17,0,0,NA,"42.708678","19.37439"
"Montenegro",2019-12-31,5,11,17,0,0,NA,"42.708678","19.37439"
"Montenegro",2020-01-01,5,11,17,0,0,NA,"42.708678","19.37439"
"Montenegro",2020-01-02,5,11,17,0,0,NA,"42.708678","19.37439"
"Montenegro",2020-01-03,5,12,19,0,0,NA,"42.708678","19.37439"
"Montenegro",2020-01-04,5,12,19,0,0,NA,"42.708678","19.37439"
"Montenegro",2020-01-05,5,12,19,0,0,NA,"42.708678","19.37439"
"Montenegro",2020-01-06,6,13,20,0,0,NA,"42.708678","19.37439"
"Montenegro",2020-01-07,6,13,20,0,0,NA,"42.708678","19.37439"
"Montenegro",2020-01-08,6,13,20,0,0,NA,"42.708678","19.37439"
"Montenegro",2020-01-09,6,14,22,0,0,NA,"42.708678","19.37439"
"Montenegro",2020-01-10,6,14,22,0,0,NA,"42.708678","19.37439"
"Montenegro",2020-01-11,6,14,22,0,0,NA,"42.708678","19.37439"
"Montenegro",2020-01-12,7,15,23,0,0,NA,"42.708678","19.37439"
"Montenegro",2020-01-13,7,15,23,0,0,NA,"42.708678","19.37439"
"Montenegro",2020-01-14,7,16,25,0,0,NA,"42.708678","19.37439"
"Montenegro",2020-01-15,7,16,25,0,0,NA,"42.708678","19.37439"
"Montenegro",2020-01-16,8,17,26,0,0,NA,"42.708678","19.37439"
"Montenegro",2020-01-17,8,17,26,0,0,NA,"42.708678","19.37439"
"Montenegro",2020-01-18,8,17,26,0,0,NA,"42.708678","19.37439"
"Montenegro",2020-01-19,8,18,28,0,0,NA,"42.708678","19.37439"
"Montenegro",2020-01-20,8,18,28,0,0,NA,"42.708678","19.37439"
"Montenegro",2020-01-21,9,19,29,1,0,NA,"42.708678","19.37439"
"Montenegro",2020-01-22,9,19,29,1,0,NA,"42.708678","19.37439"
"Montenegro",2020-01-23,9,20,31,1,0,NA,"42.708678","19.37439"
"Montenegro",2020-01-24,9,20,31,1,0,NA,"42.708678","19.37439"
"Montenegro",2020-01-25,9,21,33,1,0,NA,"42.708678","19.37439"
"Montenegro",2020-01-26,10,22,34,1,0,NA,"42.708678","19.37439"
"Montenegro",2020-01-27,10,22,34,1,0,NA,"42.708678","19.37439"
"Montenegro",2020-01-28,10,23,36,1,0,NA,"42.708678","19.37439"
"Montenegro",2020-01-29,10,23,36,1,0,NA,"42.708678","19.37439"
"Montenegro",2020-01-30,11,24,37,1,0,NA,"42.708678","19.37439"
"Montenegro",2020-01-31,11,25,39,1,0,NA,"42.708678","19.37439"
"Montenegro",2020-02-01,11,25,39,1,0,NA,"42.708678","19.37439"
"Montenegro",2020-02-02,12,26,40,1,0,NA,"42.708678","19.37439"
"Montenegro",2020-02-03,12,27,42,1,0,NA,"42.708678","19.37439"
"Montenegro",2020-02-04,12,27,42,1,0,NA,"42.708678","19.37439"
"Montenegro",2020-02-05,13,28,43,1,0,NA,"42.708678","19.37439"
"Montenegro",2020-02-06,13,29,45,1,0,NA,"42.708678","19.37439"
"Montenegro",2020-02-07,13,30,47,1,0,NA,"42.708678","19.37439"
"Montenegro",2020-02-08,13,30,47,1,0,NA,"42.708678","19.37439"
"Montenegro",2020-02-09,14,31,48,1,0,NA,"42.708678","19.37439"
"Montenegro",2020-02-10,14,32,50,1,0,NA,"42.708678","19.37439"
"Montenegro",2020-02-11,15,33,51,1,0,NA,"42.708678","19.37439"
"Montenegro",2020-02-12,15,34,53,1,0,NA,"42.708678","19.37439"
"Montenegro",2020-02-13,16,35,54,1,0,NA,"42.708678","19.37439"
"Montenegro",2020-02-14,16,36,56,1,0,NA,"42.708678","19.37439"
"Montenegro",2020-02-15,17,37,57,1,0,NA,"42.708678","19.37439"
"Montenegro",2020-02-16,17,38,59,1,0,NA,"42.708678","19.37439"
"Montenegro",2020-02-17,17,39,61,1,0,NA,"42.708678","19.37439"
"Montenegro",2020-02-18,18,40,62,1,0,NA,"42.708678","19.37439"
"Montenegro",2020-02-19,18,41,64,1,0,NA,"42.708678","19.37439"
"Montenegro",2020-02-20,19,42,65,1,0,NA,"42.708678","19.37439"
"Montenegro",2020-02-21,19,43,67,1,0,NA,"42.708678","19.37439"
"Montenegro",2020-02-22,20,44,68,1,0,NA,"42.708678","19.37439"
"Montenegro",2020-02-23,20,45,70,1,0,NA,"42.708678","19.37439"
"Montenegro",2020-02-24,21,47,73,1,0,NA,"42.708678","19.37439"
"Montenegro",2020-02-25,22,48,74,1,0,NA,"42.708678","19.37439"
"Montenegro",2020-02-26,22,49,76,1,0,NA,"42.708678","19.37439"
"Montenegro",2020-02-27,23,51,79,1,0,NA,"42.708678","19.37439"
"Montenegro",2020-02-28,23,52,81,1,0,NA,"42.708678","19.37439"
"Montenegro",2020-02-29,24,53,82,1,0,NA,"42.708678","19.37439"
"Montenegro",2020-03-01,25,55,85,2,0,NA,"42.708678","19.37439"
"Montenegro",2020-03-02,25,56,87,2,0,NA,"42.708678","19.37439"
"Montenegro",2020-03-03,26,58,90,2,0,NA,"42.708678","19.37439"
"Montenegro",2020-03-04,26,59,92,2,0,NA,"42.708678","19.37439"
"Montenegro",2020-03-05,27,61,95,2,0,NA,"42.708678","19.37439"
"Montenegro",2020-03-06,28,63,98,2,0,NA,"42.708678","19.37439"
"Montenegro",2020-03-07,29,64,99,2,0,NA,"42.708678","19.37439"
"Montenegro",2020-03-08,30,66,102,2,0,NA,"42.708678","19.37439"
"Montenegro",2020-03-09,30,68,106,2,0,NA,"42.708678","19.37439"
"Montenegro",2020-03-10,31,70,109,2,0,NA,"42.708678","19.37439"
"Montenegro",2020-03-11,32,71,110,2,0,NA,"42.708678","19.37439"
"Montenegro",2020-03-12,33,73,113,2,0,NA,"42.708678","19.37439"
"Montenegro",2020-03-13,34,75,116,2,0,NA,"42.708678","19.37439"
"Montenegro",2020-03-14,34,77,120,2,0,NA,"42.708678","19.37439"
"Montenegro",2020-03-15,35,79,123,2,0,NA,"42.708678","19.37439"
"Montenegro",2020-03-16,37,82,127,2,0,0,"42.708678","19.37439"
"Montenegro",2020-03-17,38,84,130,2,2,0,"42.708678","19.37439"
"Montenegro",2020-03-18,39,86,133,2,8,0,"42.708678","19.37439"
"Montenegro",2020-03-19,39,88,137,2,13,0,"42.708678","19.37439"
"Montenegro",2020-03-20,41,91,141,3,14,0,"42.708678","19.37439"
"Montenegro",2020-03-21,42,93,144,3,14,0,"42.708678","19.37439"
"Montenegro",2020-03-22,43,96,149,3,21,0,"42.708678","19.37439"
"Montenegro",2020-03-23,44,98,152,3,27,0,"42.708678","19.37439"
"Montenegro",2020-03-24,45,101,157,3,47,0,"42.708678","19.37439"
"Montenegro",2020-03-25,47,104,161,3,53,1,"42.708678","19.37439"
"Montenegro",2020-03-26,48,107,166,3,67,1,"42.708678","19.37439"
"Montenegro",2020-03-27,49,109,169,3,75,1,"42.708678","19.37439"
"Montenegro",2020-03-28,50,112,174,3,84,1,"42.708678","19.37439"
"Montenegro",2020-03-29,52,115,178,3,85,1,"42.708678","19.37439"
"Montenegro",2020-03-30,53,119,185,3,91,1,"42.708678","19.37439"
"Montenegro",2020-03-31,55,122,189,3,109,1,"42.708678","19.37439"
"Montenegro",2020-04-01,56,125,194,3,123,2,"42.708678","19.37439"
"Montenegro",2020-04-02,57,128,199,4,144,2,"42.708678","19.37439"
"Montenegro",2020-04-03,59,132,205,4,174,2,"42.708678","19.37439"
"Montenegro",2020-04-04,60,135,210,4,201,2,"42.708678","19.37439"
"Montenegro",2020-04-05,62,139,216,4,214,2,"42.708678","19.37439"
"Montenegro",2020-04-06,64,143,222,4,233,2,"42.708678","19.37439"
"Montenegro",2020-04-07,66,147,228,4,241,2,"42.708678","19.37439"
"Montenegro",2020-04-08,68,151,234,4,249,2,"42.708678","19.37439"
"Montenegro",2020-04-09,69,155,241,4,252,2,"42.708678","19.37439"
"Montenegro",2020-04-10,71,159,247,4,257,2,"42.708678","19.37439"
"Montenegro",2020-04-11,73,163,253,5,263,3,"42.708678","19.37439"
"Montenegro",2020-04-12,75,168,261,5,272,3,"42.708678","19.37439"
"Montenegro",2020-04-13,77,172,267,5,274,4,"42.708678","19.37439"
"Montenegro",2020-04-14,79,177,275,5,283,4,"42.708678","19.37439"
"Montenegro",2020-04-15,81,181,281,5,288,4,"42.708678","19.37439"
"Montenegro",2020-04-16,83,186,289,5,303,4,"42.708678","19.37439"
"Montenegro",2020-04-17,86,191,296,5,303,5,"42.708678","19.37439"
"Montenegro",2020-04-18,88,197,306,5,307,5,"42.708678","19.37439"
"Montenegro",2020-04-19,90,202,314,6,308,5,"42.708678","19.37439"
"Montenegro",2020-04-20,93,207,321,6,312,5,"42.708678","19.37439"
"Montenegro",2020-04-21,95,213,331,6,313,5,"42.708678","19.37439"
"Montenegro",2020-04-22,98,219,340,6,315,5,"42.708678","19.37439"
"Montenegro",2020-04-23,101,225,349,6,319,6,"42.708678","19.37439"
"Montenegro",2020-04-24,103,231,359,6,319,6,"42.708678","19.37439"
"Montenegro",2020-04-25,106,237,368,7,320,7,"42.708678","19.37439"
"Montenegro",2020-04-26,109,243,377,7,321,7,"42.708678","19.37439"
"Montenegro",2020-04-27,112,250,388,7,321,7,"42.708678","19.37439"
"Montenegro",2020-04-28,115,257,399,7,321,7,"42.708678","19.37439"
"Montenegro",2020-04-29,118,264,410,7,322,7,"42.708678","19.37439"
"Montenegro",2020-04-30,121,271,421,8,322,7,"42.708678","19.37439"
"Montenegro",2020-05-01,125,278,431,8,322,7,"42.708678","19.37439"
"Montenegro",2020-05-02,128,285,442,8,322,8,"42.708678","19.37439"
"Montenegro",2020-05-03,131,293,455,8,322,8,"42.708678","19.37439"
"Montenegro",2020-05-04,135,301,467,8,323,8,"42.708678","19.37439"
"Montenegro",2020-05-05,138,309,480,9,324,8,"42.708678","19.37439"
"Montenegro",2020-05-06,142,318,494,9,324,8,"42.708678","19.37439"
"Montenegro",2020-05-07,146,326,506,9,324,8,"42.708678","19.37439"
"Montenegro",2020-05-08,150,335,520,9,324,8,"42.708678","19.37439"
"Montenegro",2020-05-09,154,344,534,10,324,9,"42.708678","19.37439"
"Montenegro",2020-05-10,158,353,548,10,324,9,"42.708678","19.37439"
"Montenegro",2020-05-11,163,363,563,10,324,9,"42.708678","19.37439"
"Montenegro",2020-05-12,167,373,579,10,324,9,"42.708678","19.37439"
"Montenegro",2020-05-13,172,383,594,11,324,9,"42.708678","19.37439"
"Montenegro",2020-05-14,176,393,610,11,324,9,"42.708678","19.37439"
"Montenegro",2020-05-15,181,404,627,11,324,9,"42.708678","19.37439"
"Montenegro",2020-05-16,185,414,643,12,324,9,"42.708678","19.37439"
"Montenegro",2020-05-17,191,426,661,12,324,9,"42.708678","19.37439"
"Montenegro",2020-05-18,196,437,678,12,324,9,"42.708678","19.37439"
"Montenegro",2020-05-19,201,449,697,12,324,9,"42.708678","19.37439"
"Montenegro",2020-05-20,207,461,715,13,NA,NA,"42.708678","19.37439"
"Montenegro",2020-05-21,212,473,734,13,NA,NA,"42.708678","19.37439"
"Montenegro",2020-05-22,218,486,754,14,NA,NA,"42.708678","19.37439"
"Montenegro",2020-05-23,224,499,774,14,NA,NA,"42.708678","19.37439"
"Montenegro",2020-05-24,230,513,796,14,NA,NA,"42.708678","19.37439"
"Montenegro",2020-05-25,236,527,818,15,NA,NA,"42.708678","19.37439"
"Montenegro",2020-05-26,242,541,840,15,NA,NA,"42.708678","19.37439"
