"country","dias","otimista","casos_estimados","pessimista","estimativa_mortes","casos_confirmados","mortes_confirmadas","latitude","longitude"
"Sri.Lanka",2019-12-30,0,0,0,0,0,0,"7.873054","80.771797"
"Sri.Lanka",2019-12-31,0,0,0,0,0,0,"7.873054","80.771797"
"Sri.Lanka",2020-01-01,0,0,0,0,0,0,"7.873054","80.771797"
"Sri.Lanka",2020-01-02,0,0,0,0,0,0,"7.873054","80.771797"
"Sri.Lanka",2020-01-03,0,0,0,0,0,0,"7.873054","80.771797"
"Sri.Lanka",2020-01-04,0,0,0,0,0,0,"7.873054","80.771797"
"Sri.Lanka",2020-01-05,0,0,0,0,0,0,"7.873054","80.771797"
"Sri.Lanka",2020-01-06,0,0,0,0,0,0,"7.873054","80.771797"
"Sri.Lanka",2020-01-07,0,0,0,0,0,0,"7.873054","80.771797"
"Sri.Lanka",2020-01-08,0,0,0,0,0,0,"7.873054","80.771797"
"Sri.Lanka",2020-01-09,0,0,0,0,0,0,"7.873054","80.771797"
"Sri.Lanka",2020-01-10,0,0,0,0,0,0,"7.873054","80.771797"
"Sri.Lanka",2020-01-11,0,0,0,0,0,0,"7.873054","80.771797"
"Sri.Lanka",2020-01-12,1,1,1,0,0,0,"7.873054","80.771797"
"Sri.Lanka",2020-01-13,1,1,1,0,0,0,"7.873054","80.771797"
"Sri.Lanka",2020-01-14,1,1,1,0,0,0,"7.873054","80.771797"
"Sri.Lanka",2020-01-15,1,1,1,0,0,0,"7.873054","80.771797"
"Sri.Lanka",2020-01-16,1,1,1,0,0,0,"7.873054","80.771797"
"Sri.Lanka",2020-01-17,1,1,1,0,0,0,"7.873054","80.771797"
"Sri.Lanka",2020-01-18,1,1,1,0,0,0,"7.873054","80.771797"
"Sri.Lanka",2020-01-19,1,1,1,0,0,0,"7.873054","80.771797"
"Sri.Lanka",2020-01-20,1,1,1,0,0,0,"7.873054","80.771797"
"Sri.Lanka",2020-01-21,1,1,1,0,0,0,"7.873054","80.771797"
"Sri.Lanka",2020-01-22,1,1,1,0,0,0,"7.873054","80.771797"
"Sri.Lanka",2020-01-23,1,1,1,0,0,0,"7.873054","80.771797"
"Sri.Lanka",2020-01-24,1,1,1,0,0,0,"7.873054","80.771797"
"Sri.Lanka",2020-01-25,1,1,1,0,0,0,"7.873054","80.771797"
"Sri.Lanka",2020-01-26,1,1,1,0,0,0,"7.873054","80.771797"
"Sri.Lanka",2020-01-27,1,1,1,0,1,0,"7.873054","80.771797"
"Sri.Lanka",2020-01-28,1,2,3,0,1,0,"7.873054","80.771797"
"Sri.Lanka",2020-01-29,1,2,3,0,1,0,"7.873054","80.771797"
"Sri.Lanka",2020-01-30,1,2,3,0,1,0,"7.873054","80.771797"
"Sri.Lanka",2020-01-31,1,2,3,0,1,0,"7.873054","80.771797"
"Sri.Lanka",2020-02-01,1,2,3,0,1,0,"7.873054","80.771797"
"Sri.Lanka",2020-02-02,1,2,3,0,1,0,"7.873054","80.771797"
"Sri.Lanka",2020-02-03,1,2,3,0,1,0,"7.873054","80.771797"
"Sri.Lanka",2020-02-04,1,2,3,0,1,0,"7.873054","80.771797"
"Sri.Lanka",2020-02-05,2,3,4,0,1,0,"7.873054","80.771797"
"Sri.Lanka",2020-02-06,2,3,4,0,1,0,"7.873054","80.771797"
"Sri.Lanka",2020-02-07,2,3,4,0,1,0,"7.873054","80.771797"
"Sri.Lanka",2020-02-08,2,3,4,0,1,0,"7.873054","80.771797"
"Sri.Lanka",2020-02-09,2,3,4,0,1,0,"7.873054","80.771797"
"Sri.Lanka",2020-02-10,2,4,6,0,1,0,"7.873054","80.771797"
"Sri.Lanka",2020-02-11,2,4,6,0,1,0,"7.873054","80.771797"
"Sri.Lanka",2020-02-12,2,4,6,0,1,0,"7.873054","80.771797"
"Sri.Lanka",2020-02-13,3,5,7,0,1,0,"7.873054","80.771797"
"Sri.Lanka",2020-02-14,3,5,7,0,1,0,"7.873054","80.771797"
"Sri.Lanka",2020-02-15,3,5,7,0,1,0,"7.873054","80.771797"
"Sri.Lanka",2020-02-16,3,6,9,0,1,0,"7.873054","80.771797"
"Sri.Lanka",2020-02-17,3,6,9,0,1,0,"7.873054","80.771797"
"Sri.Lanka",2020-02-18,3,6,9,0,1,0,"7.873054","80.771797"
"Sri.Lanka",2020-02-19,4,7,10,0,1,0,"7.873054","80.771797"
"Sri.Lanka",2020-02-20,4,7,10,0,1,0,"7.873054","80.771797"
"Sri.Lanka",2020-02-21,5,8,11,0,1,0,"7.873054","80.771797"
"Sri.Lanka",2020-02-22,5,8,11,0,1,0,"7.873054","80.771797"
"Sri.Lanka",2020-02-23,5,9,13,0,1,0,"7.873054","80.771797"
"Sri.Lanka",2020-02-24,6,10,14,0,1,0,"7.873054","80.771797"
"Sri.Lanka",2020-02-25,6,10,14,0,1,0,"7.873054","80.771797"
"Sri.Lanka",2020-02-26,6,11,16,0,1,0,"7.873054","80.771797"
"Sri.Lanka",2020-02-27,7,12,17,0,1,0,"7.873054","80.771797"
"Sri.Lanka",2020-02-28,7,13,19,0,1,0,"7.873054","80.771797"
"Sri.Lanka",2020-02-29,8,14,20,1,1,0,"7.873054","80.771797"
"Sri.Lanka",2020-03-01,9,15,21,1,1,NA,"7.873054","80.771797"
"Sri.Lanka",2020-03-02,9,16,23,1,0,NA,"7.873054","80.771797"
"Sri.Lanka",2020-03-03,10,17,24,1,0,NA,"7.873054","80.771797"
"Sri.Lanka",2020-03-04,10,18,26,1,0,NA,"7.873054","80.771797"
"Sri.Lanka",2020-03-05,11,19,27,1,0,NA,"7.873054","80.771797"
"Sri.Lanka",2020-03-06,12,21,30,1,0,NA,"7.873054","80.771797"
"Sri.Lanka",2020-03-07,13,22,31,1,0,NA,"7.873054","80.771797"
"Sri.Lanka",2020-03-08,14,24,34,1,0,NA,"7.873054","80.771797"
"Sri.Lanka",2020-03-09,14,25,36,1,0,NA,"7.873054","80.771797"
"Sri.Lanka",2020-03-10,16,27,38,1,0,0,"7.873054","80.771797"
"Sri.Lanka",2020-03-11,17,29,41,1,2,0,"7.873054","80.771797"
"Sri.Lanka",2020-03-12,18,31,44,1,3,0,"7.873054","80.771797"
"Sri.Lanka",2020-03-13,19,33,47,1,6,0,"7.873054","80.771797"
"Sri.Lanka",2020-03-14,21,36,51,1,11,0,"7.873054","80.771797"
"Sri.Lanka",2020-03-15,22,38,54,1,19,0,"7.873054","80.771797"
"Sri.Lanka",2020-03-16,24,41,58,2,29,0,"7.873054","80.771797"
"Sri.Lanka",2020-03-17,25,44,63,2,42,0,"7.873054","80.771797"
"Sri.Lanka",2020-03-18,27,47,67,2,42,0,"7.873054","80.771797"
"Sri.Lanka",2020-03-19,29,51,73,2,53,0,"7.873054","80.771797"
"Sri.Lanka",2020-03-20,31,54,77,2,66,0,"7.873054","80.771797"
"Sri.Lanka",2020-03-21,33,58,83,2,78,0,"7.873054","80.771797"
"Sri.Lanka",2020-03-22,36,62,88,2,87,0,"7.873054","80.771797"
"Sri.Lanka",2020-03-23,39,67,95,2,97,0,"7.873054","80.771797"
"Sri.Lanka",2020-03-24,41,71,101,3,102,0,"7.873054","80.771797"
"Sri.Lanka",2020-03-25,44,76,108,3,102,0,"7.873054","80.771797"
"Sri.Lanka",2020-03-26,47,82,117,3,106,0,"7.873054","80.771797"
"Sri.Lanka",2020-03-27,51,88,125,3,106,1,"7.873054","80.771797"
"Sri.Lanka",2020-03-28,54,94,134,3,115,1,"7.873054","80.771797"
"Sri.Lanka",2020-03-29,58,101,144,4,120,1,"7.873054","80.771797"
"Sri.Lanka",2020-03-30,62,108,154,4,120,2,"7.873054","80.771797"
"Sri.Lanka",2020-03-31,66,115,164,4,122,2,"7.873054","80.771797"
"Sri.Lanka",2020-04-01,71,124,177,5,143,3,"7.873054","80.771797"
"Sri.Lanka",2020-04-02,76,132,188,5,148,4,"7.873054","80.771797"
"Sri.Lanka",2020-04-03,82,142,202,5,151,5,"7.873054","80.771797"
"Sri.Lanka",2020-04-04,88,152,216,6,159,5,"7.873054","80.771797"
"Sri.Lanka",2020-04-05,94,163,232,6,166,5,"7.873054","80.771797"
"Sri.Lanka",2020-04-06,100,174,248,6,178,6,"7.873054","80.771797"
"Sri.Lanka",2020-04-07,108,187,266,7,185,7,"7.873054","80.771797"
"Sri.Lanka",2020-04-08,115,200,285,7,189,7,"7.873054","80.771797"
"Sri.Lanka",2020-04-09,123,214,305,8,190,7,"7.873054","80.771797"
"Sri.Lanka",2020-04-10,132,229,326,8,190,7,"7.873054","80.771797"
"Sri.Lanka",2020-04-11,142,246,350,9,NA,NA,"7.873054","80.771797"
"Sri.Lanka",2020-04-12,152,263,374,10,NA,NA,"7.873054","80.771797"
"Sri.Lanka",2020-04-13,163,282,401,10,NA,NA,"7.873054","80.771797"
"Sri.Lanka",2020-04-14,174,302,430,11,NA,NA,"7.873054","80.771797"
"Sri.Lanka",2020-04-15,187,324,461,12,NA,NA,"7.873054","80.771797"
"Sri.Lanka",2020-04-16,200,347,494,13,NA,NA,"7.873054","80.771797"
"Sri.Lanka",2020-04-17,214,371,528,14,NA,NA,"7.873054","80.771797"
