"country","dias","otimista","casos_estimados","pessimista","estimativa_mortes","casos_confirmados","mortes_confirmadas","latitude","longitude"
"Congo",2019-12-30,3,4,5,0,0,NA,"0","21.758664"
"Congo",2019-12-31,3,4,5,0,0,NA,"0","21.758664"
"Congo",2020-01-01,3,4,5,0,0,NA,"0","21.758664"
"Congo",2020-01-02,3,4,5,0,0,NA,"0","21.758664"
"Congo",2020-01-03,3,4,5,0,0,NA,"0","21.758664"
"Congo",2020-01-04,3,4,5,0,0,NA,"0","21.758664"
"Congo",2020-01-05,4,5,6,0,0,NA,"0","21.758664"
"Congo",2020-01-06,4,5,6,0,0,NA,"0","21.758664"
"Congo",2020-01-07,4,5,6,0,0,NA,"0","21.758664"
"Congo",2020-01-08,4,5,6,0,0,NA,"0","21.758664"
"Congo",2020-01-09,4,5,6,0,0,NA,"0","21.758664"
"Congo",2020-01-10,4,5,6,0,0,NA,"0","21.758664"
"Congo",2020-01-11,5,6,7,0,0,NA,"0","21.758664"
"Congo",2020-01-12,5,6,7,0,0,NA,"0","21.758664"
"Congo",2020-01-13,5,6,7,0,0,NA,"0","21.758664"
"Congo",2020-01-14,5,6,7,0,0,NA,"0","21.758664"
"Congo",2020-01-15,5,6,7,0,0,NA,"0","21.758664"
"Congo",2020-01-16,5,7,9,0,0,NA,"0","21.758664"
"Congo",2020-01-17,5,7,9,0,0,NA,"0","21.758664"
"Congo",2020-01-18,5,7,9,0,0,NA,"0","21.758664"
"Congo",2020-01-19,5,7,9,0,0,NA,"0","21.758664"
"Congo",2020-01-20,6,8,10,0,0,NA,"0","21.758664"
"Congo",2020-01-21,6,8,10,0,0,NA,"0","21.758664"
"Congo",2020-01-22,6,8,10,0,0,NA,"0","21.758664"
"Congo",2020-01-23,6,8,10,0,0,NA,"0","21.758664"
"Congo",2020-01-24,7,9,11,0,0,NA,"0","21.758664"
"Congo",2020-01-25,7,9,11,0,0,NA,"0","21.758664"
"Congo",2020-01-26,7,9,11,0,0,NA,"0","21.758664"
"Congo",2020-01-27,7,9,11,0,0,NA,"0","21.758664"
"Congo",2020-01-28,8,10,12,0,0,NA,"0","21.758664"
"Congo",2020-01-29,8,10,12,0,0,NA,"0","21.758664"
"Congo",2020-01-30,8,10,12,0,0,NA,"0","21.758664"
"Congo",2020-01-31,8,11,14,0,0,NA,"0","21.758664"
"Congo",2020-02-01,8,11,14,0,0,NA,"0","21.758664"
"Congo",2020-02-02,9,12,15,0,0,NA,"0","21.758664"
"Congo",2020-02-03,9,12,15,0,0,NA,"0","21.758664"
"Congo",2020-02-04,9,12,15,0,0,NA,"0","21.758664"
"Congo",2020-02-05,10,13,16,0,0,NA,"0","21.758664"
"Congo",2020-02-06,10,13,16,0,0,NA,"0","21.758664"
"Congo",2020-02-07,11,14,17,0,0,NA,"0","21.758664"
"Congo",2020-02-08,11,14,17,0,0,NA,"0","21.758664"
"Congo",2020-02-09,11,15,19,0,0,NA,"0","21.758664"
"Congo",2020-02-10,11,15,19,0,0,NA,"0","21.758664"
"Congo",2020-02-11,11,15,19,0,0,NA,"0","21.758664"
"Congo",2020-02-12,12,16,20,1,0,NA,"0","21.758664"
"Congo",2020-02-13,13,17,21,1,0,NA,"0","21.758664"
"Congo",2020-02-14,13,17,21,1,0,NA,"0","21.758664"
"Congo",2020-02-15,14,18,22,1,0,NA,"0","21.758664"
"Congo",2020-02-16,14,18,22,1,0,NA,"0","21.758664"
"Congo",2020-02-17,14,19,24,1,0,NA,"0","21.758664"
"Congo",2020-02-18,14,19,24,1,0,NA,"0","21.758664"
"Congo",2020-02-19,15,20,25,1,0,NA,"0","21.758664"
"Congo",2020-02-20,16,21,26,1,0,NA,"0","21.758664"
"Congo",2020-02-21,16,21,26,1,0,NA,"0","21.758664"
"Congo",2020-02-22,17,22,27,1,0,NA,"0","21.758664"
"Congo",2020-02-23,17,23,29,1,0,NA,"0","21.758664"
"Congo",2020-02-24,18,24,30,1,0,NA,"0","21.758664"
"Congo",2020-02-25,18,24,30,1,0,NA,"0","21.758664"
"Congo",2020-02-26,19,25,31,1,0,NA,"0","21.758664"
"Congo",2020-02-27,20,26,32,1,0,NA,"0","21.758664"
"Congo",2020-02-28,20,27,34,1,0,NA,"0","21.758664"
"Congo",2020-02-29,21,28,35,1,0,NA,"0","21.758664"
"Congo",2020-03-01,22,29,36,1,0,NA,"0","21.758664"
"Congo",2020-03-02,23,30,37,1,0,NA,"0","21.758664"
"Congo",2020-03-03,24,31,38,1,0,NA,"0","21.758664"
"Congo",2020-03-04,24,32,40,1,0,NA,"0","21.758664"
"Congo",2020-03-05,25,33,41,1,0,NA,"0","21.758664"
"Congo",2020-03-06,26,34,42,1,0,NA,"0","21.758664"
"Congo",2020-03-07,27,35,43,1,0,NA,"0","21.758664"
"Congo",2020-03-08,27,36,45,1,0,NA,"0","21.758664"
"Congo",2020-03-09,28,37,46,1,0,NA,"0","21.758664"
"Congo",2020-03-10,30,39,48,1,0,NA,"0","21.758664"
"Congo",2020-03-11,30,40,50,1,0,NA,"0","21.758664"
"Congo",2020-03-12,31,41,51,1,0,NA,"0","21.758664"
"Congo",2020-03-13,33,43,53,1,0,NA,"0","21.758664"
"Congo",2020-03-14,33,44,55,1,0,0,"0","21.758664"
"Congo",2020-03-15,35,46,57,2,1,0,"0","21.758664"
"Congo",2020-03-16,36,47,58,2,1,0,"0","21.758664"
"Congo",2020-03-17,37,49,61,2,1,0,"0","21.758664"
"Congo",2020-03-18,38,50,62,2,3,0,"0","21.758664"
"Congo",2020-03-19,39,52,65,2,3,0,"0","21.758664"
"Congo",2020-03-20,41,54,67,2,3,0,"0","21.758664"
"Congo",2020-03-21,42,55,68,2,4,0,"0","21.758664"
"Congo",2020-03-22,43,57,71,2,4,0,"0","21.758664"
"Congo",2020-03-23,45,59,73,2,4,0,"0","21.758664"
"Congo",2020-03-24,46,61,76,2,4,0,"0","21.758664"
"Congo",2020-03-25,48,63,78,2,4,0,"0","21.758664"
"Congo",2020-03-26,49,65,81,2,4,0,"0","21.758664"
"Congo",2020-03-27,51,67,83,2,4,0,"0","21.758664"
"Congo",2020-03-28,53,70,87,2,19,0,"0","21.758664"
"Congo",2020-03-29,55,72,89,2,19,0,"0","21.758664"
"Congo",2020-03-30,56,74,92,2,19,2,"0","21.758664"
"Congo",2020-03-31,58,77,96,3,22,2,"0","21.758664"
"Congo",2020-04-01,60,79,98,3,22,3,"0","21.758664"
"Congo",2020-04-02,62,82,102,3,41,3,"0","21.758664"
"Congo",2020-04-03,65,85,105,3,41,5,"0","21.758664"
"Congo",2020-04-04,67,88,109,3,45,5,"0","21.758664"
"Congo",2020-04-05,69,91,113,3,45,5,"0","21.758664"
"Congo",2020-04-06,71,94,117,3,45,5,"0","21.758664"
"Congo",2020-04-07,74,97,120,3,45,5,"0","21.758664"
"Congo",2020-04-08,76,100,124,3,60,5,"0","21.758664"
"Congo",2020-04-09,78,103,128,3,60,5,"0","21.758664"
"Congo",2020-04-10,81,107,133,4,60,5,"0","21.758664"
"Congo",2020-04-11,84,110,136,4,60,5,"0","21.758664"
"Congo",2020-04-12,87,114,141,4,70,5,"0","21.758664"
"Congo",2020-04-13,90,118,146,4,70,5,"0","21.758664"
"Congo",2020-04-14,93,122,151,4,74,5,"0","21.758664"
"Congo",2020-04-15,96,126,156,4,117,5,"0","21.758664"
"Congo",2020-04-16,99,130,161,4,117,6,"0","21.758664"
"Congo",2020-04-17,102,134,166,4,143,6,"0","21.758664"
"Congo",2020-04-18,106,139,172,5,143,6,"0","21.758664"
"Congo",2020-04-19,109,143,177,5,160,6,"0","21.758664"
"Congo",2020-04-20,112,148,184,5,160,6,"0","21.758664"
"Congo",2020-04-21,116,153,190,5,165,6,"0","21.758664"
"Congo",2020-04-22,120,158,196,5,186,6,"0","21.758664"
"Congo",2020-04-23,124,163,202,5,186,6,"0","21.758664"
"Congo",2020-04-24,128,169,210,6,200,8,"0","21.758664"
"Congo",2020-04-25,132,174,216,6,200,8,"0","21.758664"
"Congo",2020-04-26,137,180,223,6,200,8,"0","21.758664"
"Congo",2020-04-27,141,186,231,6,207,8,"0","21.758664"
"Congo",2020-04-28,146,192,238,6,207,9,"0","21.758664"
"Congo",2020-04-29,150,198,246,7,220,9,"0","21.758664"
"Congo",2020-04-30,156,205,254,7,220,10,"0","21.758664"
"Congo",2020-05-01,161,212,263,7,229,10,"0","21.758664"
"Congo",2020-05-02,166,219,272,7,229,10,"0","21.758664"
"Congo",2020-05-03,172,226,280,7,229,10,"0","21.758664"
"Congo",2020-05-04,178,234,290,8,236,10,"0","21.758664"
"Congo",2020-05-05,184,242,300,8,236,10,"0","21.758664"
"Congo",2020-05-06,190,250,310,8,264,10,"0","21.758664"
"Congo",2020-05-07,196,258,320,9,274,10,"0","21.758664"
"Congo",2020-05-08,202,266,330,9,287,10,"0","21.758664"
"Congo",2020-05-09,209,275,341,9,287,10,"0","21.758664"
"Congo",2020-05-10,216,284,352,9,287,11,"0","21.758664"
"Congo",2020-05-11,223,294,365,10,333,11,"0","21.758664"
"Congo",2020-05-12,231,304,377,10,333,11,"0","21.758664"
"Congo",2020-05-13,238,314,390,10,341,15,"0","21.758664"
"Congo",2020-05-14,246,324,402,11,391,15,"0","21.758664"
"Congo",2020-05-15,254,335,416,11,391,15,"0","21.758664"
"Congo",2020-05-16,263,346,429,11,412,15,"0","21.758664"
"Congo",2020-05-17,272,358,444,12,412,15,"0","21.758664"
"Congo",2020-05-18,281,370,459,12,412,15,"0","21.758664"
"Congo",2020-05-19,290,382,474,13,420,15,"0","21.758664"
"Congo",2020-05-20,299,394,489,13,420,16,"0","21.758664"
"Congo",2020-05-21,310,408,506,13,469,16,"0","21.758664"
"Congo",2020-05-22,320,421,522,14,469,16,"0","21.758664"
"Congo",2020-05-23,330,435,540,14,487,16,"0","21.758664"
"Congo",2020-05-24,342,450,558,15,487,17,"0","21.758664"
"Congo",2020-05-25,353,465,577,15,531,19,"0","21.758664"
"Congo",2020-05-26,364,480,596,16,569,19,"0","21.758664"
"Congo",2020-05-27,377,496,615,16,571,19,"0","21.758664"
"Congo",2020-05-28,389,512,635,17,571,19,"0","21.758664"
"Congo",2020-05-29,402,530,658,17,587,19,"0","21.758664"
"Congo",2020-05-30,415,547,679,18,587,20,"0","21.758664"
"Congo",2020-05-31,429,565,701,19,611,20,"0","21.758664"
"Congo",2020-06-01,443,584,725,19,611,20,"0","21.758664"
"Congo",2020-06-02,458,604,750,20,611,20,"0","21.758664"
"Congo",2020-06-03,474,624,774,21,618,20,"0","21.758664"
"Congo",2020-06-04,489,644,799,21,635,20,"0","21.758664"
"Congo",2020-06-05,506,666,826,22,639,22,"0","21.758664"
"Congo",2020-06-06,522,688,854,23,683,22,"0","21.758664"
"Congo",2020-06-07,540,711,882,23,683,22,"0","21.758664"
"Congo",2020-06-08,557,734,911,24,683,24,"0","21.758664"
"Congo",2020-06-09,576,759,942,25,728,25,"0","21.758664"
"Congo",2020-06-10,595,784,973,26,745,25,"0","21.758664"
"Congo",2020-06-11,615,810,1005,27,745,25,"0","21.758664"
"Congo",2020-06-12,635,837,1039,28,745,24,"0","21.758664"
"Congo",2020-06-13,657,865,1073,29,728,24,"0","21.758664"
"Congo",2020-06-14,679,894,1109,29,NA,NA,"0","21.758664"
"Congo",2020-06-15,701,923,1145,30,NA,NA,"0","21.758664"
"Congo",2020-06-16,724,954,1184,31,NA,NA,"0","21.758664"
"Congo",2020-06-17,748,986,1224,33,NA,NA,"0","21.758664"
"Congo",2020-06-18,773,1018,1263,34,NA,NA,"0","21.758664"
"Congo",2020-06-19,799,1052,1305,35,NA,NA,"0","21.758664"
"Congo",2020-06-20,825,1087,1349,36,NA,NA,"0","21.758664"
