"country","dias","otimista","casos_estimados","pessimista","estimativa_mortes","casos_confirmados","mortes_confirmadas","latitude","longitude"
"Albania",2019-12-30,6,9,12,0,0,NA,"41.153332","20.168331"
"Albania",2019-12-31,6,9,12,0,0,NA,"41.153332","20.168331"
"Albania",2020-01-01,6,9,12,0,0,NA,"41.153332","20.168331"
"Albania",2020-01-02,7,10,13,0,0,NA,"41.153332","20.168331"
"Albania",2020-01-03,7,10,13,0,0,NA,"41.153332","20.168331"
"Albania",2020-01-04,7,11,15,0,0,NA,"41.153332","20.168331"
"Albania",2020-01-05,7,11,15,0,0,NA,"41.153332","20.168331"
"Albania",2020-01-06,7,11,15,0,0,NA,"41.153332","20.168331"
"Albania",2020-01-07,8,12,16,0,0,NA,"41.153332","20.168331"
"Albania",2020-01-08,8,12,16,0,0,NA,"41.153332","20.168331"
"Albania",2020-01-09,9,13,17,0,0,NA,"41.153332","20.168331"
"Albania",2020-01-10,9,13,17,0,0,NA,"41.153332","20.168331"
"Albania",2020-01-11,9,14,19,0,0,NA,"41.153332","20.168331"
"Albania",2020-01-12,9,14,19,0,0,NA,"41.153332","20.168331"
"Albania",2020-01-13,10,15,20,1,0,NA,"41.153332","20.168331"
"Albania",2020-01-14,10,15,20,1,0,NA,"41.153332","20.168331"
"Albania",2020-01-15,11,16,21,1,0,NA,"41.153332","20.168331"
"Albania",2020-01-16,11,16,21,1,0,NA,"41.153332","20.168331"
"Albania",2020-01-17,11,17,23,1,0,NA,"41.153332","20.168331"
"Albania",2020-01-18,11,17,23,1,0,NA,"41.153332","20.168331"
"Albania",2020-01-19,12,18,24,1,0,NA,"41.153332","20.168331"
"Albania",2020-01-20,13,19,25,1,0,NA,"41.153332","20.168331"
"Albania",2020-01-21,13,19,25,1,0,NA,"41.153332","20.168331"
"Albania",2020-01-22,13,20,27,1,0,NA,"41.153332","20.168331"
"Albania",2020-01-23,14,21,28,1,0,NA,"41.153332","20.168331"
"Albania",2020-01-24,15,22,29,1,0,NA,"41.153332","20.168331"
"Albania",2020-01-25,15,22,29,1,0,NA,"41.153332","20.168331"
"Albania",2020-01-26,15,23,31,1,0,NA,"41.153332","20.168331"
"Albania",2020-01-27,16,24,32,1,0,NA,"41.153332","20.168331"
"Albania",2020-01-28,17,25,33,1,0,NA,"41.153332","20.168331"
"Albania",2020-01-29,17,26,35,1,0,NA,"41.153332","20.168331"
"Albania",2020-01-30,18,27,36,1,0,NA,"41.153332","20.168331"
"Albania",2020-01-31,19,28,37,1,0,NA,"41.153332","20.168331"
"Albania",2020-02-01,19,29,39,1,0,NA,"41.153332","20.168331"
"Albania",2020-02-02,20,30,40,1,0,NA,"41.153332","20.168331"
"Albania",2020-02-03,21,31,41,1,0,NA,"41.153332","20.168331"
"Albania",2020-02-04,21,32,43,1,0,NA,"41.153332","20.168331"
"Albania",2020-02-05,22,33,44,1,0,NA,"41.153332","20.168331"
"Albania",2020-02-06,23,34,45,1,0,NA,"41.153332","20.168331"
"Albania",2020-02-07,24,36,48,1,0,NA,"41.153332","20.168331"
"Albania",2020-02-08,25,37,49,1,0,NA,"41.153332","20.168331"
"Albania",2020-02-09,25,38,51,1,0,NA,"41.153332","20.168331"
"Albania",2020-02-10,27,40,53,1,0,NA,"41.153332","20.168331"
"Albania",2020-02-11,27,41,55,1,0,NA,"41.153332","20.168331"
"Albania",2020-02-12,29,43,57,2,0,NA,"41.153332","20.168331"
"Albania",2020-02-13,29,44,59,2,0,NA,"41.153332","20.168331"
"Albania",2020-02-14,31,46,61,2,0,NA,"41.153332","20.168331"
"Albania",2020-02-15,32,48,64,2,0,NA,"41.153332","20.168331"
"Albania",2020-02-16,33,49,65,2,0,NA,"41.153332","20.168331"
"Albania",2020-02-17,34,51,68,2,0,NA,"41.153332","20.168331"
"Albania",2020-02-18,35,53,71,2,0,NA,"41.153332","20.168331"
"Albania",2020-02-19,37,55,73,2,0,NA,"41.153332","20.168331"
"Albania",2020-02-20,38,57,76,2,0,NA,"41.153332","20.168331"
"Albania",2020-02-21,39,59,79,2,0,NA,"41.153332","20.168331"
"Albania",2020-02-22,41,61,81,2,0,NA,"41.153332","20.168331"
"Albania",2020-02-23,42,63,84,2,0,NA,"41.153332","20.168331"
"Albania",2020-02-24,44,66,88,2,0,NA,"41.153332","20.168331"
"Albania",2020-02-25,45,68,91,2,0,NA,"41.153332","20.168331"
"Albania",2020-02-26,47,71,95,3,0,NA,"41.153332","20.168331"
"Albania",2020-02-27,49,73,97,3,0,NA,"41.153332","20.168331"
"Albania",2020-02-28,51,76,101,3,0,NA,"41.153332","20.168331"
"Albania",2020-02-29,53,79,105,3,0,NA,"41.153332","20.168331"
"Albania",2020-03-01,54,81,108,3,0,NA,"41.153332","20.168331"
"Albania",2020-03-02,56,84,112,3,0,NA,"41.153332","20.168331"
"Albania",2020-03-03,59,88,117,3,0,NA,"41.153332","20.168331"
"Albania",2020-03-04,61,91,121,3,0,NA,"41.153332","20.168331"
"Albania",2020-03-05,63,94,125,3,0,NA,"41.153332","20.168331"
"Albania",2020-03-06,65,98,131,3,0,NA,"41.153332","20.168331"
"Albania",2020-03-07,67,101,135,4,0,0,"41.153332","20.168331"
"Albania",2020-03-08,70,105,140,4,2,0,"41.153332","20.168331"
"Albania",2020-03-09,73,109,145,4,6,0,"41.153332","20.168331"
"Albania",2020-03-10,75,113,151,4,10,1,"41.153332","20.168331"
"Albania",2020-03-11,78,117,156,4,11,1,"41.153332","20.168331"
"Albania",2020-03-12,81,121,161,4,23,1,"41.153332","20.168331"
"Albania",2020-03-13,83,125,167,4,33,1,"41.153332","20.168331"
"Albania",2020-03-14,87,130,173,5,38,1,"41.153332","20.168331"
"Albania",2020-03-15,90,135,180,5,42,1,"41.153332","20.168331"
"Albania",2020-03-16,93,140,187,5,51,1,"41.153332","20.168331"
"Albania",2020-03-17,97,145,193,5,55,2,"41.153332","20.168331"
"Albania",2020-03-18,100,150,200,5,59,2,"41.153332","20.168331"
"Albania",2020-03-19,104,156,208,6,70,2,"41.153332","20.168331"
"Albania",2020-03-20,107,161,215,6,70,2,"41.153332","20.168331"
"Albania",2020-03-21,111,167,223,6,76,2,"41.153332","20.168331"
"Albania",2020-03-22,115,173,231,6,89,4,"41.153332","20.168331"
"Albania",2020-03-23,120,180,240,6,100,5,"41.153332","20.168331"
"Albania",2020-03-24,124,186,248,7,123,5,"41.153332","20.168331"
"Albania",2020-03-25,129,193,257,7,146,6,"41.153332","20.168331"
"Albania",2020-03-26,133,200,267,7,174,9,"41.153332","20.168331"
"Albania",2020-03-27,138,207,276,7,186,10,"41.153332","20.168331"
"Albania",2020-03-28,143,215,287,8,197,10,"41.153332","20.168331"
"Albania",2020-03-29,148,223,298,8,212,12,"41.153332","20.168331"
"Albania",2020-03-30,154,231,308,8,223,15,"41.153332","20.168331"
"Albania",2020-03-31,159,239,319,8,243,15,"41.153332","20.168331"
"Albania",2020-04-01,165,248,331,9,259,16,"41.153332","20.168331"
"Albania",2020-04-02,171,257,343,9,277,17,"41.153332","20.168331"
"Albania",2020-04-03,178,267,356,9,304,19,"41.153332","20.168331"
"Albania",2020-04-04,184,276,368,10,333,21,"41.153332","20.168331"
"Albania",2020-04-05,190,286,382,10,361,22,"41.153332","20.168331"
"Albania",2020-04-06,198,297,396,11,377,22,"41.153332","20.168331"
"Albania",2020-04-07,205,308,411,11,383,22,"41.153332","20.168331"
"Albania",2020-04-08,212,319,426,11,400,23,"41.153332","20.168331"
"Albania",2020-04-09,220,331,442,12,409,23,"41.153332","20.168331"
"Albania",2020-04-10,228,343,458,12,416,23,"41.153332","20.168331"
"Albania",2020-04-11,236,355,474,13,433,23,"41.153332","20.168331"
"Albania",2020-04-12,245,368,491,13,446,23,"41.153332","20.168331"
"Albania",2020-04-13,254,382,510,14,467,24,"41.153332","20.168331"
"Albania",2020-04-14,264,396,528,14,475,25,"41.153332","20.168331"
"Albania",2020-04-15,273,410,547,15,494,26,"41.153332","20.168331"
"Albania",2020-04-16,283,425,567,15,518,26,"41.153332","20.168331"
"Albania",2020-04-17,294,441,588,16,539,26,"41.153332","20.168331"
"Albania",2020-04-18,304,457,610,16,548,26,"41.153332","20.168331"
"Albania",2020-04-19,315,473,631,17,562,26,"41.153332","20.168331"
"Albania",2020-04-20,327,491,655,17,584,26,"41.153332","20.168331"
"Albania",2020-04-21,339,509,679,18,609,27,"41.153332","20.168331"
"Albania",2020-04-22,351,527,703,19,634,27,"41.153332","20.168331"
"Albania",2020-04-23,364,547,730,19,663,27,"41.153332","20.168331"
"Albania",2020-04-24,378,567,756,20,678,27,"41.153332","20.168331"
"Albania",2020-04-25,391,587,783,21,712,28,"41.153332","20.168331"
"Albania",2020-04-26,406,609,812,22,726,28,"41.153332","20.168331"
"Albania",2020-04-27,420,631,842,22,736,30,"41.153332","20.168331"
"Albania",2020-04-28,435,654,873,23,750,31,"41.153332","20.168331"
"Albania",2020-04-29,451,678,905,24,766,31,"41.153332","20.168331"
"Albania",2020-04-30,468,703,938,25,773,31,"41.153332","20.168331"
"Albania",2020-05-01,485,728,971,26,782,31,"41.153332","20.168331"
"Albania",2020-05-02,503,755,1007,27,789,31,"41.153332","20.168331"
"Albania",2020-05-03,521,783,1045,28,795,31,"41.153332","20.168331"
"Albania",2020-05-04,540,811,1082,29,803,31,"41.153332","20.168331"
"Albania",2020-05-05,560,841,1122,30,820,31,"41.153332","20.168331"
"Albania",2020-05-06,581,872,1163,31,832,31,"41.153332","20.168331"
"Albania",2020-05-07,602,904,1206,32,842,31,"41.153332","20.168331"
"Albania",2020-05-08,624,937,1250,33,850,31,"41.153332","20.168331"
"Albania",2020-05-09,647,971,1295,34,856,31,"41.153332","20.168331"
"Albania",2020-05-10,670,1006,1342,36,868,31,"41.153332","20.168331"
"Albania",2020-05-11,695,1043,1391,37,872,31,"41.153332","20.168331"
"Albania",2020-05-12,720,1081,1442,38,876,31,"41.153332","20.168331"
"Albania",2020-05-13,746,1121,1496,40,NA,NA,"41.153332","20.168331"
"Albania",2020-05-14,774,1162,1550,41,NA,NA,"41.153332","20.168331"
"Albania",2020-05-15,802,1204,1606,43,NA,NA,"41.153332","20.168331"
"Albania",2020-05-16,831,1248,1665,44,NA,NA,"41.153332","20.168331"
"Albania",2020-05-17,862,1294,1726,46,NA,NA,"41.153332","20.168331"
"Albania",2020-05-18,893,1341,1789,47,NA,NA,"41.153332","20.168331"
"Albania",2020-05-19,926,1390,1854,49,NA,NA,"41.153332","20.168331"
