"country","dias","otimista","casos_estimados","pessimista","estimativa_mortes","casos_confirmados","mortes_confirmadas","latitude","longitude"
"Cyprus",2019-12-30,8,14,20,0,0,NA,"35.126413","33.429859"
"Cyprus",2019-12-31,8,15,22,0,0,NA,"35.126413","33.429859"
"Cyprus",2020-01-01,8,15,22,0,0,NA,"35.126413","33.429859"
"Cyprus",2020-01-02,9,16,23,0,0,NA,"35.126413","33.429859"
"Cyprus",2020-01-03,9,16,23,0,0,NA,"35.126413","33.429859"
"Cyprus",2020-01-04,9,17,25,0,0,NA,"35.126413","33.429859"
"Cyprus",2020-01-05,9,17,25,0,0,NA,"35.126413","33.429859"
"Cyprus",2020-01-06,10,18,26,0,0,NA,"35.126413","33.429859"
"Cyprus",2020-01-07,10,18,26,0,0,NA,"35.126413","33.429859"
"Cyprus",2020-01-08,10,19,28,0,0,NA,"35.126413","33.429859"
"Cyprus",2020-01-09,11,20,29,0,0,NA,"35.126413","33.429859"
"Cyprus",2020-01-10,11,20,29,0,0,NA,"35.126413","33.429859"
"Cyprus",2020-01-11,11,21,31,0,0,NA,"35.126413","33.429859"
"Cyprus",2020-01-12,12,22,32,0,0,NA,"35.126413","33.429859"
"Cyprus",2020-01-13,12,22,32,0,0,NA,"35.126413","33.429859"
"Cyprus",2020-01-14,12,23,34,0,0,NA,"35.126413","33.429859"
"Cyprus",2020-01-15,13,24,35,0,0,NA,"35.126413","33.429859"
"Cyprus",2020-01-16,13,25,37,0,0,NA,"35.126413","33.429859"
"Cyprus",2020-01-17,14,26,38,0,0,NA,"35.126413","33.429859"
"Cyprus",2020-01-18,14,26,38,0,0,NA,"35.126413","33.429859"
"Cyprus",2020-01-19,14,27,40,0,0,NA,"35.126413","33.429859"
"Cyprus",2020-01-20,15,28,41,0,0,NA,"35.126413","33.429859"
"Cyprus",2020-01-21,16,29,42,1,0,NA,"35.126413","33.429859"
"Cyprus",2020-01-22,16,30,44,1,0,NA,"35.126413","33.429859"
"Cyprus",2020-01-23,17,31,45,1,0,NA,"35.126413","33.429859"
"Cyprus",2020-01-24,17,32,47,1,0,NA,"35.126413","33.429859"
"Cyprus",2020-01-25,18,33,48,1,0,NA,"35.126413","33.429859"
"Cyprus",2020-01-26,18,34,50,1,0,NA,"35.126413","33.429859"
"Cyprus",2020-01-27,19,36,53,1,0,NA,"35.126413","33.429859"
"Cyprus",2020-01-28,20,37,54,1,0,NA,"35.126413","33.429859"
"Cyprus",2020-01-29,20,38,56,1,0,NA,"35.126413","33.429859"
"Cyprus",2020-01-30,21,39,57,1,0,NA,"35.126413","33.429859"
"Cyprus",2020-01-31,22,41,60,1,0,NA,"35.126413","33.429859"
"Cyprus",2020-02-01,23,42,61,1,0,NA,"35.126413","33.429859"
"Cyprus",2020-02-02,23,43,63,1,0,NA,"35.126413","33.429859"
"Cyprus",2020-02-03,24,45,66,1,0,NA,"35.126413","33.429859"
"Cyprus",2020-02-04,25,46,67,1,0,NA,"35.126413","33.429859"
"Cyprus",2020-02-05,26,48,70,1,0,NA,"35.126413","33.429859"
"Cyprus",2020-02-06,26,49,72,1,0,NA,"35.126413","33.429859"
"Cyprus",2020-02-07,27,51,75,1,0,NA,"35.126413","33.429859"
"Cyprus",2020-02-08,28,53,78,1,0,NA,"35.126413","33.429859"
"Cyprus",2020-02-09,30,55,80,1,0,NA,"35.126413","33.429859"
"Cyprus",2020-02-10,30,56,82,1,0,NA,"35.126413","33.429859"
"Cyprus",2020-02-11,31,58,85,1,0,NA,"35.126413","33.429859"
"Cyprus",2020-02-12,32,60,88,1,0,NA,"35.126413","33.429859"
"Cyprus",2020-02-13,33,62,91,1,0,NA,"35.126413","33.429859"
"Cyprus",2020-02-14,34,64,94,1,0,NA,"35.126413","33.429859"
"Cyprus",2020-02-15,36,67,98,1,0,NA,"35.126413","33.429859"
"Cyprus",2020-02-16,37,69,101,1,0,NA,"35.126413","33.429859"
"Cyprus",2020-02-17,38,71,104,1,0,NA,"35.126413","33.429859"
"Cyprus",2020-02-18,40,74,108,1,0,NA,"35.126413","33.429859"
"Cyprus",2020-02-19,41,76,111,1,0,NA,"35.126413","33.429859"
"Cyprus",2020-02-20,42,79,116,1,0,NA,"35.126413","33.429859"
"Cyprus",2020-02-21,43,81,119,1,0,NA,"35.126413","33.429859"
"Cyprus",2020-02-22,45,84,123,1,0,NA,"35.126413","33.429859"
"Cyprus",2020-02-23,47,87,127,2,0,NA,"35.126413","33.429859"
"Cyprus",2020-02-24,48,90,132,2,0,NA,"35.126413","33.429859"
"Cyprus",2020-02-25,50,93,136,2,0,NA,"35.126413","33.429859"
"Cyprus",2020-02-26,52,96,140,2,0,NA,"35.126413","33.429859"
"Cyprus",2020-02-27,53,99,145,2,0,NA,"35.126413","33.429859"
"Cyprus",2020-02-28,55,102,149,2,0,NA,"35.126413","33.429859"
"Cyprus",2020-02-29,57,106,155,2,0,NA,"35.126413","33.429859"
"Cyprus",2020-03-01,58,109,160,2,0,NA,"35.126413","33.429859"
"Cyprus",2020-03-02,61,113,165,2,0,NA,"35.126413","33.429859"
"Cyprus",2020-03-03,63,117,171,2,0,NA,"35.126413","33.429859"
"Cyprus",2020-03-04,65,121,177,2,0,NA,"35.126413","33.429859"
"Cyprus",2020-03-05,67,125,183,2,0,NA,"35.126413","33.429859"
"Cyprus",2020-03-06,69,129,189,2,0,NA,"35.126413","33.429859"
"Cyprus",2020-03-07,71,133,195,2,0,NA,"35.126413","33.429859"
"Cyprus",2020-03-08,74,138,202,2,0,0,"35.126413","33.429859"
"Cyprus",2020-03-09,77,143,209,3,2,NA,"35.126413","33.429859"
"Cyprus",2020-03-10,79,147,215,3,0,0,"35.126413","33.429859"
"Cyprus",2020-03-11,82,152,222,3,6,NA,"35.126413","33.429859"
"Cyprus",2020-03-12,84,157,230,3,0,0,"35.126413","33.429859"
"Cyprus",2020-03-13,87,163,239,3,14,0,"35.126413","33.429859"
"Cyprus",2020-03-14,90,168,246,3,21,0,"35.126413","33.429859"
"Cyprus",2020-03-15,93,174,255,3,30,0,"35.126413","33.429859"
"Cyprus",2020-03-16,97,180,263,3,40,0,"35.126413","33.429859"
"Cyprus",2020-03-17,100,186,272,3,40,0,"35.126413","33.429859"
"Cyprus",2020-03-18,103,192,281,3,58,0,"35.126413","33.429859"
"Cyprus",2020-03-19,106,198,290,4,58,0,"35.126413","33.429859"
"Cyprus",2020-03-20,110,205,300,4,67,0,"35.126413","33.429859"
"Cyprus",2020-03-21,114,212,310,4,84,0,"35.126413","33.429859"
"Cyprus",2020-03-22,118,219,320,4,95,0,"35.126413","33.429859"
"Cyprus",2020-03-23,122,227,332,4,116,3,"35.126413","33.429859"
"Cyprus",2020-03-24,126,234,342,4,124,3,"35.126413","33.429859"
"Cyprus",2020-03-25,130,242,354,4,132,3,"35.126413","33.429859"
"Cyprus",2020-03-26,134,250,366,4,146,5,"35.126413","33.429859"
"Cyprus",2020-03-27,139,259,379,5,162,5,"35.126413","33.429859"
"Cyprus",2020-03-28,143,267,391,5,179,6,"35.126413","33.429859"
"Cyprus",2020-03-29,148,276,404,5,214,7,"35.126413","33.429859"
"Cyprus",2020-03-30,153,286,419,5,230,8,"35.126413","33.429859"
"Cyprus",2020-03-31,158,295,432,5,262,9,"35.126413","33.429859"
"Cyprus",2020-04-01,164,305,446,5,320,9,"35.126413","33.429859"
"Cyprus",2020-04-02,169,315,461,6,356,11,"35.126413","33.429859"
"Cyprus",2020-04-03,175,326,477,6,396,11,"35.126413","33.429859"
"Cyprus",2020-04-04,181,337,493,6,426,14,"35.126413","33.429859"
"Cyprus",2020-04-05,187,348,509,6,446,14,"35.126413","33.429859"
"Cyprus",2020-04-06,193,360,527,6,465,14,"35.126413","33.429859"
"Cyprus",2020-04-07,200,372,544,7,494,14,"35.126413","33.429859"
"Cyprus",2020-04-08,207,385,563,7,526,15,"35.126413","33.429859"
"Cyprus",2020-04-09,213,397,581,7,564,15,"35.126413","33.429859"
"Cyprus",2020-04-10,221,411,601,7,595,15,"35.126413","33.429859"
"Cyprus",2020-04-11,228,425,622,8,616,16,"35.126413","33.429859"
"Cyprus",2020-04-12,236,439,642,8,633,17,"35.126413","33.429859"
"Cyprus",2020-04-13,244,454,664,8,662,17,"35.126413","33.429859"
"Cyprus",2020-04-14,252,469,686,8,695,17,"35.126413","33.429859"
"Cyprus",2020-04-15,260,485,710,9,715,17,"35.126413","33.429859"
"Cyprus",2020-04-16,269,501,733,9,735,17,"35.126413","33.429859"
"Cyprus",2020-04-17,278,518,758,9,735,17,"35.126413","33.429859"
"Cyprus",2020-04-18,287,535,783,9,761,17,"35.126413","33.429859"
"Cyprus",2020-04-19,297,553,809,10,767,17,"35.126413","33.429859"
"Cyprus",2020-04-20,307,572,837,10,772,17,"35.126413","33.429859"
"Cyprus",2020-04-21,317,591,865,10,784,17,"35.126413","33.429859"
"Cyprus",2020-04-22,328,611,894,11,790,17,"35.126413","33.429859"
"Cyprus",2020-04-23,339,632,925,11,795,17,"35.126413","33.429859"
"Cyprus",2020-04-24,350,653,956,12,804,17,"35.126413","33.429859"
"Cyprus",2020-04-25,362,675,988,12,810,17,"35.126413","33.429859"
"Cyprus",2020-04-26,374,697,1020,12,817,20,"35.126413","33.429859"
"Cyprus",2020-04-27,387,721,1055,13,822,20,"35.126413","33.429859"
"Cyprus",2020-04-28,400,745,1090,13,837,20,"35.126413","33.429859"
"Cyprus",2020-04-29,413,770,1127,14,843,20,"35.126413","33.429859"
"Cyprus",2020-04-30,427,796,1165,14,850,20,"35.126413","33.429859"
"Cyprus",2020-05-01,442,823,1204,15,857,20,"35.126413","33.429859"
"Cyprus",2020-05-02,456,850,1244,15,864,20,"35.126413","33.429859"
"Cyprus",2020-05-03,472,879,1286,16,872,20,"35.126413","33.429859"
"Cyprus",2020-05-04,488,909,1330,16,874,20,"35.126413","33.429859"
"Cyprus",2020-05-05,504,939,1374,17,878,21,"35.126413","33.429859"
"Cyprus",2020-05-06,521,971,1421,17,883,21,"35.126413","33.429859"
"Cyprus",2020-05-07,538,1003,1468,18,889,21,"35.126413","33.429859"
"Cyprus",2020-05-08,556,1037,1518,18,891,21,"35.126413","33.429859"
"Cyprus",2020-05-09,575,1072,1569,19,892,22,"35.126413","33.429859"
"Cyprus",2020-05-10,595,1108,1621,20,898,22,"35.126413","33.429859"
"Cyprus",2020-05-11,614,1145,1676,20,901,16,"35.126413","33.429859"
"Cyprus",2020-05-12,635,1184,1733,21,903,16,"35.126413","33.429859"
"Cyprus",2020-05-13,657,1224,1791,22,NA,NA,"35.126413","33.429859"
"Cyprus",2020-05-14,679,1265,1851,22,NA,NA,"35.126413","33.429859"
"Cyprus",2020-05-15,701,1307,1913,23,NA,NA,"35.126413","33.429859"
"Cyprus",2020-05-16,725,1351,1977,24,NA,NA,"35.126413","33.429859"
"Cyprus",2020-05-17,750,1397,2044,25,NA,NA,"35.126413","33.429859"
"Cyprus",2020-05-18,775,1444,2113,26,NA,NA,"35.126413","33.429859"
"Cyprus",2020-05-19,801,1492,2183,26,NA,NA,"35.126413","33.429859"
