"country","dias","otimista","casos_estimados","pessimista","estimativa_mortes","casos_confirmados","mortes_confirmadas","latitude","longitude"
"Mali",2019-12-30,0,0,0,0,0,NA,"17.570692","0"
"Mali",2019-12-31,0,0,0,0,0,NA,"17.570692","0"
"Mali",2020-01-01,0,0,0,0,0,NA,"17.570692","0"
"Mali",2020-01-02,0,0,0,0,0,NA,"17.570692","0"
"Mali",2020-01-03,1,1,1,0,0,NA,"17.570692","0"
"Mali",2020-01-04,1,1,1,0,0,NA,"17.570692","0"
"Mali",2020-01-05,1,1,1,0,0,NA,"17.570692","0"
"Mali",2020-01-06,1,1,1,0,0,NA,"17.570692","0"
"Mali",2020-01-07,1,1,1,0,0,NA,"17.570692","0"
"Mali",2020-01-08,1,1,1,0,0,NA,"17.570692","0"
"Mali",2020-01-09,1,1,1,0,0,NA,"17.570692","0"
"Mali",2020-01-10,1,1,1,0,0,NA,"17.570692","0"
"Mali",2020-01-11,1,1,1,0,0,NA,"17.570692","0"
"Mali",2020-01-12,1,1,1,0,0,NA,"17.570692","0"
"Mali",2020-01-13,1,1,1,0,0,NA,"17.570692","0"
"Mali",2020-01-14,1,1,1,0,0,NA,"17.570692","0"
"Mali",2020-01-15,1,1,1,0,0,NA,"17.570692","0"
"Mali",2020-01-16,1,1,1,0,0,NA,"17.570692","0"
"Mali",2020-01-17,1,1,1,0,0,NA,"17.570692","0"
"Mali",2020-01-18,1,1,1,0,0,NA,"17.570692","0"
"Mali",2020-01-19,1,1,1,0,0,NA,"17.570692","0"
"Mali",2020-01-20,1,1,1,0,0,NA,"17.570692","0"
"Mali",2020-01-21,1,1,1,0,0,NA,"17.570692","0"
"Mali",2020-01-22,1,1,1,0,0,NA,"17.570692","0"
"Mali",2020-01-23,1,2,3,0,0,NA,"17.570692","0"
"Mali",2020-01-24,1,2,3,0,0,NA,"17.570692","0"
"Mali",2020-01-25,1,2,3,0,0,NA,"17.570692","0"
"Mali",2020-01-26,1,2,3,0,0,NA,"17.570692","0"
"Mali",2020-01-27,1,2,3,0,0,NA,"17.570692","0"
"Mali",2020-01-28,1,2,3,0,0,NA,"17.570692","0"
"Mali",2020-01-29,1,2,3,0,0,NA,"17.570692","0"
"Mali",2020-01-30,1,2,3,0,0,NA,"17.570692","0"
"Mali",2020-01-31,1,2,3,0,0,NA,"17.570692","0"
"Mali",2020-02-01,2,3,4,0,0,NA,"17.570692","0"
"Mali",2020-02-02,2,3,4,0,0,NA,"17.570692","0"
"Mali",2020-02-03,2,3,4,0,0,NA,"17.570692","0"
"Mali",2020-02-04,2,3,4,0,0,NA,"17.570692","0"
"Mali",2020-02-05,2,3,4,0,0,NA,"17.570692","0"
"Mali",2020-02-06,2,3,4,0,0,NA,"17.570692","0"
"Mali",2020-02-07,3,4,5,0,0,NA,"17.570692","0"
"Mali",2020-02-08,3,4,5,0,0,NA,"17.570692","0"
"Mali",2020-02-09,3,4,5,0,0,NA,"17.570692","0"
"Mali",2020-02-10,3,4,5,0,0,NA,"17.570692","0"
"Mali",2020-02-11,3,5,7,0,0,NA,"17.570692","0"
"Mali",2020-02-12,3,5,7,0,0,NA,"17.570692","0"
"Mali",2020-02-13,3,5,7,0,0,NA,"17.570692","0"
"Mali",2020-02-14,3,5,7,0,0,NA,"17.570692","0"
"Mali",2020-02-15,4,6,8,0,0,NA,"17.570692","0"
"Mali",2020-02-16,4,6,8,0,0,NA,"17.570692","0"
"Mali",2020-02-17,4,6,8,0,0,NA,"17.570692","0"
"Mali",2020-02-18,5,7,9,0,0,NA,"17.570692","0"
"Mali",2020-02-19,5,7,9,0,0,NA,"17.570692","0"
"Mali",2020-02-20,5,8,11,0,0,NA,"17.570692","0"
"Mali",2020-02-21,5,8,11,0,0,NA,"17.570692","0"
"Mali",2020-02-22,6,9,12,1,0,NA,"17.570692","0"
"Mali",2020-02-23,6,9,12,1,0,NA,"17.570692","0"
"Mali",2020-02-24,7,10,13,1,0,NA,"17.570692","0"
"Mali",2020-02-25,7,10,13,1,0,NA,"17.570692","0"
"Mali",2020-02-26,7,11,15,1,0,NA,"17.570692","0"
"Mali",2020-02-27,7,11,15,1,0,NA,"17.570692","0"
"Mali",2020-02-28,8,12,16,1,0,NA,"17.570692","0"
"Mali",2020-02-29,9,13,17,1,0,NA,"17.570692","0"
"Mali",2020-03-01,9,14,19,1,0,NA,"17.570692","0"
"Mali",2020-03-02,9,14,19,1,0,NA,"17.570692","0"
"Mali",2020-03-03,10,15,20,1,0,NA,"17.570692","0"
"Mali",2020-03-04,11,16,21,1,0,NA,"17.570692","0"
"Mali",2020-03-05,11,17,23,1,0,NA,"17.570692","0"
"Mali",2020-03-06,12,18,24,1,0,NA,"17.570692","0"
"Mali",2020-03-07,13,19,25,1,0,NA,"17.570692","0"
"Mali",2020-03-08,13,20,27,1,0,NA,"17.570692","0"
"Mali",2020-03-09,14,21,28,1,0,NA,"17.570692","0"
"Mali",2020-03-10,15,23,31,1,0,NA,"17.570692","0"
"Mali",2020-03-11,16,24,32,1,0,NA,"17.570692","0"
"Mali",2020-03-12,17,25,33,1,0,NA,"17.570692","0"
"Mali",2020-03-13,18,27,36,2,0,NA,"17.570692","0"
"Mali",2020-03-14,19,28,37,2,0,NA,"17.570692","0"
"Mali",2020-03-15,20,30,40,2,0,NA,"17.570692","0"
"Mali",2020-03-16,22,32,42,2,0,NA,"17.570692","0"
"Mali",2020-03-17,23,34,45,2,0,NA,"17.570692","0"
"Mali",2020-03-18,24,36,48,2,0,NA,"17.570692","0"
"Mali",2020-03-19,26,38,50,2,0,NA,"17.570692","0"
"Mali",2020-03-20,27,40,53,2,0,NA,"17.570692","0"
"Mali",2020-03-21,28,42,56,2,0,NA,"17.570692","0"
"Mali",2020-03-22,30,45,60,3,0,NA,"17.570692","0"
"Mali",2020-03-23,32,47,62,3,0,NA,"17.570692","0"
"Mali",2020-03-24,34,50,66,3,0,0,"17.570692","0"
"Mali",2020-03-25,36,53,70,3,2,0,"17.570692","0"
"Mali",2020-03-26,38,56,74,3,4,0,"17.570692","0"
"Mali",2020-03-27,40,59,78,3,4,0,"17.570692","0"
"Mali",2020-03-28,42,63,84,4,9,0,"17.570692","0"
"Mali",2020-03-29,45,67,89,4,18,0,"17.570692","0"
"Mali",2020-03-30,47,70,93,4,18,1,"17.570692","0"
"Mali",2020-03-31,50,75,100,4,18,1,"17.570692","0"
"Mali",2020-04-01,53,79,105,5,28,3,"17.570692","0"
"Mali",2020-04-02,56,83,110,5,36,3,"17.570692","0"
"Mali",2020-04-03,59,88,117,5,39,3,"17.570692","0"
"Mali",2020-04-04,63,94,125,6,41,5,"17.570692","0"
"Mali",2020-04-05,67,99,131,6,45,5,"17.570692","0"
"Mali",2020-04-06,71,105,139,6,47,5,"17.570692","0"
"Mali",2020-04-07,75,111,147,7,56,7,"17.570692","0"
"Mali",2020-04-08,79,117,155,7,59,7,"17.570692","0"
"Mali",2020-04-09,83,124,165,7,59,7,"17.570692","0"
"Mali",2020-04-10,89,132,175,8,87,9,"17.570692","0"
"Mali",2020-04-11,93,139,185,8,105,9,"17.570692","0"
"Mali",2020-04-12,99,147,195,9,116,10,"17.570692","0"
"Mali",2020-04-13,105,156,207,9,123,13,"17.570692","0"
"Mali",2020-04-14,111,165,219,10,144,13,"17.570692","0"
"Mali",2020-04-15,118,175,232,10,148,13,"17.570692","0"
"Mali",2020-04-16,124,185,246,11,171,13,"17.570692","0"
"Mali",2020-04-17,132,196,260,12,190,13,"17.570692","0"
"Mali",2020-04-18,139,207,275,12,216,14,"17.570692","0"
"Mali",2020-04-19,147,219,291,13,224,14,"17.570692","0"
"Mali",2020-04-20,156,232,308,14,246,14,"17.570692","0"
"Mali",2020-04-21,165,246,327,15,258,17,"17.570692","0"
"Mali",2020-04-22,175,260,345,15,293,21,"17.570692","0"
"Mali",2020-04-23,185,275,365,16,309,21,"17.570692","0"
"Mali",2020-04-24,196,291,386,17,325,21,"17.570692","0"
"Mali",2020-04-25,207,308,409,18,370,23,"17.570692","0"
"Mali",2020-04-26,219,326,433,19,389,23,"17.570692","0"
"Mali",2020-04-27,232,345,458,20,408,24,"17.570692","0"
"Mali",2020-04-28,246,366,486,22,424,25,"17.570692","0"
"Mali",2020-04-29,260,387,514,23,482,26,"17.570692","0"
"Mali",2020-04-30,275,409,543,24,490,26,"17.570692","0"
"Mali",2020-05-01,291,433,575,26,508,26,"17.570692","0"
"Mali",2020-05-02,308,459,610,27,544,27,"17.570692","0"
"Mali",2020-05-03,327,486,645,29,563,29,"17.570692","0"
"Mali",2020-05-04,345,514,683,30,580,32,"17.570692","0"
"Mali",2020-05-05,366,544,722,32,612,32,"17.570692","0"
"Mali",2020-05-06,387,576,765,34,631,32,"17.570692","0"
"Mali",2020-05-07,409,609,809,36,650,35,"17.570692","0"
"Mali",2020-05-08,433,645,857,38,668,37,"17.570692","0"
"Mali",2020-05-09,459,683,907,40,692,38,"17.570692","0"
"Mali",2020-05-10,486,723,960,43,704,39,"17.570692","0"
"Mali",2020-05-11,514,765,1016,45,712,40,"17.570692","0"
"Mali",2020-05-12,544,809,1074,48,730,44,"17.570692","0"
"Mali",2020-05-13,576,857,1138,51,758,46,"17.570692","0"
"Mali",2020-05-14,610,907,1204,54,779,46,"17.570692","0"
"Mali",2020-05-15,645,960,1275,57,NA,NA,"17.570692","0"
"Mali",2020-05-16,683,1016,1349,60,NA,NA,"17.570692","0"
"Mali",2020-05-17,722,1075,1428,63,NA,NA,"17.570692","0"
"Mali",2020-05-18,765,1138,1511,67,NA,NA,"17.570692","0"
"Mali",2020-05-19,810,1205,1600,71,NA,NA,"17.570692","0"
"Mali",2020-05-20,857,1275,1693,75,NA,NA,"17.570692","0"
"Mali",2020-05-21,907,1349,1791,80,NA,NA,"17.570692","0"
