"country","dias","otimista","casos_estimados","pessimista","estimativa_mortes","casos_confirmados","mortes_confirmadas","latitude","longitude"
"Hungary",2019-12-30,0,0,0,0,0,NA,"47.162494","19.5033041"
"Hungary",2019-12-31,0,0,0,0,0,NA,"47.162494","19.5033041"
"Hungary",2020-01-01,0,0,0,0,0,NA,"47.162494","19.5033041"
"Hungary",2020-01-02,0,0,0,0,0,NA,"47.162494","19.5033041"
"Hungary",2020-01-03,0,0,0,0,0,NA,"47.162494","19.5033041"
"Hungary",2020-01-04,0,0,0,0,0,NA,"47.162494","19.5033041"
"Hungary",2020-01-05,0,0,0,0,0,NA,"47.162494","19.5033041"
"Hungary",2020-01-06,0,0,0,0,0,NA,"47.162494","19.5033041"
"Hungary",2020-01-07,0,0,0,0,0,NA,"47.162494","19.5033041"
"Hungary",2020-01-08,0,0,0,0,0,NA,"47.162494","19.5033041"
"Hungary",2020-01-09,0,0,0,0,0,NA,"47.162494","19.5033041"
"Hungary",2020-01-10,0,0,0,0,0,NA,"47.162494","19.5033041"
"Hungary",2020-01-11,0,0,0,0,0,NA,"47.162494","19.5033041"
"Hungary",2020-01-12,0,0,0,0,0,NA,"47.162494","19.5033041"
"Hungary",2020-01-13,0,0,0,0,0,NA,"47.162494","19.5033041"
"Hungary",2020-01-14,1,1,1,0,0,NA,"47.162494","19.5033041"
"Hungary",2020-01-15,1,1,1,0,0,NA,"47.162494","19.5033041"
"Hungary",2020-01-16,1,1,1,0,0,NA,"47.162494","19.5033041"
"Hungary",2020-01-17,1,1,1,0,0,NA,"47.162494","19.5033041"
"Hungary",2020-01-18,1,1,1,0,0,NA,"47.162494","19.5033041"
"Hungary",2020-01-19,1,1,1,0,0,NA,"47.162494","19.5033041"
"Hungary",2020-01-20,1,1,1,0,0,NA,"47.162494","19.5033041"
"Hungary",2020-01-21,1,1,1,0,0,NA,"47.162494","19.5033041"
"Hungary",2020-01-22,1,1,1,0,0,NA,"47.162494","19.5033041"
"Hungary",2020-01-23,1,1,1,0,0,NA,"47.162494","19.5033041"
"Hungary",2020-01-24,1,1,1,0,0,NA,"47.162494","19.5033041"
"Hungary",2020-01-25,1,1,1,0,0,NA,"47.162494","19.5033041"
"Hungary",2020-01-26,1,1,1,0,0,NA,"47.162494","19.5033041"
"Hungary",2020-01-27,1,2,3,0,0,NA,"47.162494","19.5033041"
"Hungary",2020-01-28,1,2,3,0,0,NA,"47.162494","19.5033041"
"Hungary",2020-01-29,1,2,3,0,0,NA,"47.162494","19.5033041"
"Hungary",2020-01-30,1,2,3,0,0,NA,"47.162494","19.5033041"
"Hungary",2020-01-31,1,2,3,0,0,NA,"47.162494","19.5033041"
"Hungary",2020-02-01,2,3,4,0,0,NA,"47.162494","19.5033041"
"Hungary",2020-02-02,2,3,4,0,0,NA,"47.162494","19.5033041"
"Hungary",2020-02-03,2,3,4,0,0,NA,"47.162494","19.5033041"
"Hungary",2020-02-04,2,3,4,0,0,NA,"47.162494","19.5033041"
"Hungary",2020-02-05,3,4,5,0,0,NA,"47.162494","19.5033041"
"Hungary",2020-02-06,3,4,5,0,0,NA,"47.162494","19.5033041"
"Hungary",2020-02-07,3,4,5,0,0,NA,"47.162494","19.5033041"
"Hungary",2020-02-08,4,5,6,0,0,NA,"47.162494","19.5033041"
"Hungary",2020-02-09,4,5,6,0,0,NA,"47.162494","19.5033041"
"Hungary",2020-02-10,4,6,8,1,0,NA,"47.162494","19.5033041"
"Hungary",2020-02-11,4,6,8,1,0,NA,"47.162494","19.5033041"
"Hungary",2020-02-12,5,7,9,1,0,NA,"47.162494","19.5033041"
"Hungary",2020-02-13,5,7,9,1,0,NA,"47.162494","19.5033041"
"Hungary",2020-02-14,6,8,10,1,0,NA,"47.162494","19.5033041"
"Hungary",2020-02-15,7,9,11,1,0,NA,"47.162494","19.5033041"
"Hungary",2020-02-16,7,10,13,1,0,NA,"47.162494","19.5033041"
"Hungary",2020-02-17,7,10,13,1,0,NA,"47.162494","19.5033041"
"Hungary",2020-02-18,8,11,14,1,0,NA,"47.162494","19.5033041"
"Hungary",2020-02-19,10,13,16,1,0,NA,"47.162494","19.5033041"
"Hungary",2020-02-20,10,14,18,1,0,NA,"47.162494","19.5033041"
"Hungary",2020-02-21,11,15,19,1,0,NA,"47.162494","19.5033041"
"Hungary",2020-02-22,12,16,20,1,0,NA,"47.162494","19.5033041"
"Hungary",2020-02-23,13,18,23,2,0,NA,"47.162494","19.5033041"
"Hungary",2020-02-24,15,20,25,2,0,NA,"47.162494","19.5033041"
"Hungary",2020-02-25,16,21,26,2,0,NA,"47.162494","19.5033041"
"Hungary",2020-02-26,17,23,29,2,0,NA,"47.162494","19.5033041"
"Hungary",2020-02-27,19,26,33,2,0,NA,"47.162494","19.5033041"
"Hungary",2020-02-28,21,28,35,2,0,NA,"47.162494","19.5033041"
"Hungary",2020-02-29,22,30,38,3,0,NA,"47.162494","19.5033041"
"Hungary",2020-03-01,25,33,41,3,0,NA,"47.162494","19.5033041"
"Hungary",2020-03-02,27,36,45,3,0,NA,"47.162494","19.5033041"
"Hungary",2020-03-03,30,40,50,3,0,0,"47.162494","19.5033041"
"Hungary",2020-03-04,33,44,55,4,2,NA,"47.162494","19.5033041"
"Hungary",2020-03-05,36,48,60,4,0,0,"47.162494","19.5033041"
"Hungary",2020-03-06,39,52,65,4,4,0,"47.162494","19.5033041"
"Hungary",2020-03-07,43,57,71,5,7,0,"47.162494","19.5033041"
"Hungary",2020-03-08,46,62,78,5,8,0,"47.162494","19.5033041"
"Hungary",2020-03-09,51,68,85,6,9,0,"47.162494","19.5033041"
"Hungary",2020-03-10,55,74,93,6,12,0,"47.162494","19.5033041"
"Hungary",2020-03-11,60,81,102,7,13,0,"47.162494","19.5033041"
"Hungary",2020-03-12,66,89,112,8,16,0,"47.162494","19.5033041"
"Hungary",2020-03-13,72,97,122,8,25,0,"47.162494","19.5033041"
"Hungary",2020-03-14,79,106,133,9,31,1,"47.162494","19.5033041"
"Hungary",2020-03-15,87,116,145,10,39,1,"47.162494","19.5033041"
"Hungary",2020-03-16,94,126,158,11,50,1,"47.162494","19.5033041"
"Hungary",2020-03-17,103,138,173,12,50,1,"47.162494","19.5033041"
"Hungary",2020-03-18,113,151,189,13,73,1,"47.162494","19.5033041"
"Hungary",2020-03-19,123,165,207,14,85,4,"47.162494","19.5033041"
"Hungary",2020-03-20,134,180,226,15,103,4,"47.162494","19.5033041"
"Hungary",2020-03-21,147,197,247,17,131,7,"47.162494","19.5033041"
"Hungary",2020-03-22,160,215,270,18,167,8,"47.162494","19.5033041"
"Hungary",2020-03-23,175,235,295,20,187,10,"47.162494","19.5033041"
"Hungary",2020-03-24,192,257,322,22,226,10,"47.162494","19.5033041"
"Hungary",2020-03-25,210,281,352,24,261,10,"47.162494","19.5033041"
"Hungary",2020-03-26,229,307,385,26,300,11,"47.162494","19.5033041"
"Hungary",2020-03-27,251,336,421,29,343,13,"47.162494","19.5033041"
"Hungary",2020-03-28,274,367,460,31,408,15,"47.162494","19.5033041"
"Hungary",2020-03-29,299,401,503,34,447,16,"47.162494","19.5033041"
"Hungary",2020-03-30,328,439,550,37,492,20,"47.162494","19.5033041"
"Hungary",2020-03-31,357,479,601,41,525,21,"47.162494","19.5033041"
"Hungary",2020-04-01,391,524,657,44,585,26,"47.162494","19.5033041"
"Hungary",2020-04-02,428,573,718,49,623,32,"47.162494","19.5033041"
"Hungary",2020-04-03,467,626,785,53,678,34,"47.162494","19.5033041"
"Hungary",2020-04-04,510,684,858,58,733,38,"47.162494","19.5033041"
"Hungary",2020-04-05,558,748,938,63,744,47,"47.162494","19.5033041"
"Hungary",2020-04-06,610,817,1024,69,817,58,"47.162494","19.5033041"
"Hungary",2020-04-07,666,893,1120,76,895,66,"47.162494","19.5033041"
"Hungary",2020-04-08,728,976,1224,83,980,77,"47.162494","19.5033041"
"Hungary",2020-04-09,796,1067,1338,91,1190,85,"47.162494","19.5033041"
"Hungary",2020-04-10,870,1166,1462,99,1310,99,"47.162494","19.5033041"
"Hungary",2020-04-11,951,1275,1599,108,1410,109,"47.162494","19.5033041"
"Hungary",2020-04-12,1039,1393,1747,118,1458,122,"47.162494","19.5033041"
"Hungary",2020-04-13,1136,1523,1910,129,1512,134,"47.162494","19.5033041"
"Hungary",2020-04-14,1242,1664,2086,141,1579,134,"47.162494","19.5033041"
"Hungary",2020-04-15,1357,1819,2281,154,1579,134,"47.162494","19.5033041"
"Hungary",2020-04-16,1483,1988,2493,169,NA,NA,"47.162494","19.5033041"
"Hungary",2020-04-17,1621,2173,2725,184,NA,NA,"47.162494","19.5033041"
"Hungary",2020-04-18,1771,2374,2977,201,NA,NA,"47.162494","19.5033041"
"Hungary",2020-04-19,1936,2595,3254,220,NA,NA,"47.162494","19.5033041"
"Hungary",2020-04-20,2116,2836,3556,241,NA,NA,"47.162494","19.5033041"
"Hungary",2020-04-21,2313,3100,3887,263,NA,NA,"47.162494","19.5033041"
"Hungary",2020-04-22,2528,3388,4248,288,NA,NA,"47.162494","19.5033041"
