"country","dias","otimista","casos_estimados","pessimista","estimativa_mortes","casos_confirmados","mortes_confirmadas","latitude","longitude"
"Togo",2019-12-30,1,1,1,0,0,NA,"8.619543","0.824782"
"Togo",2019-12-31,1,1,1,0,0,NA,"8.619543","0.824782"
"Togo",2020-01-01,1,1,1,0,0,NA,"8.619543","0.824782"
"Togo",2020-01-02,2,2,2,0,0,NA,"8.619543","0.824782"
"Togo",2020-01-03,2,2,2,0,0,NA,"8.619543","0.824782"
"Togo",2020-01-04,2,2,2,0,0,NA,"8.619543","0.824782"
"Togo",2020-01-05,2,2,2,0,0,NA,"8.619543","0.824782"
"Togo",2020-01-06,2,2,2,0,0,NA,"8.619543","0.824782"
"Togo",2020-01-07,2,2,2,0,0,NA,"8.619543","0.824782"
"Togo",2020-01-08,2,2,2,0,0,NA,"8.619543","0.824782"
"Togo",2020-01-09,2,2,2,0,0,NA,"8.619543","0.824782"
"Togo",2020-01-10,2,2,2,0,0,NA,"8.619543","0.824782"
"Togo",2020-01-11,2,2,2,0,0,NA,"8.619543","0.824782"
"Togo",2020-01-12,2,2,2,0,0,NA,"8.619543","0.824782"
"Togo",2020-01-13,2,2,2,0,0,NA,"8.619543","0.824782"
"Togo",2020-01-14,2,2,2,0,0,NA,"8.619543","0.824782"
"Togo",2020-01-15,2,2,2,0,0,NA,"8.619543","0.824782"
"Togo",2020-01-16,2,3,4,0,0,NA,"8.619543","0.824782"
"Togo",2020-01-17,2,3,4,0,0,NA,"8.619543","0.824782"
"Togo",2020-01-18,2,3,4,0,0,NA,"8.619543","0.824782"
"Togo",2020-01-19,2,3,4,0,0,NA,"8.619543","0.824782"
"Togo",2020-01-20,2,3,4,0,0,NA,"8.619543","0.824782"
"Togo",2020-01-21,2,3,4,0,0,NA,"8.619543","0.824782"
"Togo",2020-01-22,2,3,4,0,0,NA,"8.619543","0.824782"
"Togo",2020-01-23,2,3,4,0,0,NA,"8.619543","0.824782"
"Togo",2020-01-24,2,3,4,0,0,NA,"8.619543","0.824782"
"Togo",2020-01-25,3,4,5,0,0,NA,"8.619543","0.824782"
"Togo",2020-01-26,3,4,5,0,0,NA,"8.619543","0.824782"
"Togo",2020-01-27,3,4,5,0,0,NA,"8.619543","0.824782"
"Togo",2020-01-28,3,4,5,0,0,NA,"8.619543","0.824782"
"Togo",2020-01-29,3,4,5,0,0,NA,"8.619543","0.824782"
"Togo",2020-01-30,3,4,5,0,0,NA,"8.619543","0.824782"
"Togo",2020-01-31,3,4,5,0,0,NA,"8.619543","0.824782"
"Togo",2020-02-01,4,5,6,0,0,NA,"8.619543","0.824782"
"Togo",2020-02-02,4,5,6,0,0,NA,"8.619543","0.824782"
"Togo",2020-02-03,4,5,6,0,0,NA,"8.619543","0.824782"
"Togo",2020-02-04,4,5,6,0,0,NA,"8.619543","0.824782"
"Togo",2020-02-05,4,5,6,0,0,NA,"8.619543","0.824782"
"Togo",2020-02-06,5,6,7,0,0,NA,"8.619543","0.824782"
"Togo",2020-02-07,5,6,7,0,0,NA,"8.619543","0.824782"
"Togo",2020-02-08,5,6,7,0,0,NA,"8.619543","0.824782"
"Togo",2020-02-09,5,6,7,0,0,NA,"8.619543","0.824782"
"Togo",2020-02-10,5,7,9,0,0,NA,"8.619543","0.824782"
"Togo",2020-02-11,5,7,9,0,0,NA,"8.619543","0.824782"
"Togo",2020-02-12,5,7,9,0,0,NA,"8.619543","0.824782"
"Togo",2020-02-13,5,7,9,0,0,NA,"8.619543","0.824782"
"Togo",2020-02-14,6,8,10,0,0,NA,"8.619543","0.824782"
"Togo",2020-02-15,6,8,10,0,0,NA,"8.619543","0.824782"
"Togo",2020-02-16,6,8,10,0,0,NA,"8.619543","0.824782"
"Togo",2020-02-17,7,9,11,0,0,NA,"8.619543","0.824782"
"Togo",2020-02-18,7,9,11,0,0,NA,"8.619543","0.824782"
"Togo",2020-02-19,7,9,11,0,0,NA,"8.619543","0.824782"
"Togo",2020-02-20,8,10,12,0,0,NA,"8.619543","0.824782"
"Togo",2020-02-21,8,10,12,0,0,NA,"8.619543","0.824782"
"Togo",2020-02-22,8,10,12,0,0,NA,"8.619543","0.824782"
"Togo",2020-02-23,8,11,14,0,0,NA,"8.619543","0.824782"
"Togo",2020-02-24,8,11,14,0,0,NA,"8.619543","0.824782"
"Togo",2020-02-25,8,11,14,0,0,NA,"8.619543","0.824782"
"Togo",2020-02-26,9,12,15,0,0,NA,"8.619543","0.824782"
"Togo",2020-02-27,9,12,15,0,0,NA,"8.619543","0.824782"
"Togo",2020-02-28,10,13,16,0,0,NA,"8.619543","0.824782"
"Togo",2020-02-29,10,13,16,0,0,NA,"8.619543","0.824782"
"Togo",2020-03-01,11,14,17,0,0,NA,"8.619543","0.824782"
"Togo",2020-03-02,11,14,17,0,0,NA,"8.619543","0.824782"
"Togo",2020-03-03,11,15,19,0,0,NA,"8.619543","0.824782"
"Togo",2020-03-04,12,16,20,0,0,NA,"8.619543","0.824782"
"Togo",2020-03-05,12,16,20,0,0,0,"8.619543","0.824782"
"Togo",2020-03-06,13,17,21,0,1,NA,"8.619543","0.824782"
"Togo",2020-03-07,13,17,21,0,0,NA,"8.619543","0.824782"
"Togo",2020-03-08,14,18,22,0,0,NA,"8.619543","0.824782"
"Togo",2020-03-09,14,19,24,0,0,NA,"8.619543","0.824782"
"Togo",2020-03-10,14,19,24,0,0,NA,"8.619543","0.824782"
"Togo",2020-03-11,15,20,25,1,0,NA,"8.619543","0.824782"
"Togo",2020-03-12,16,21,26,1,0,NA,"8.619543","0.824782"
"Togo",2020-03-13,17,22,27,1,0,0,"8.619543","0.824782"
"Togo",2020-03-14,17,23,29,1,1,0,"8.619543","0.824782"
"Togo",2020-03-15,18,24,30,1,1,0,"8.619543","0.824782"
"Togo",2020-03-16,18,24,30,1,1,0,"8.619543","0.824782"
"Togo",2020-03-17,19,25,31,1,1,0,"8.619543","0.824782"
"Togo",2020-03-18,20,26,32,1,1,0,"8.619543","0.824782"
"Togo",2020-03-19,20,27,34,1,1,0,"8.619543","0.824782"
"Togo",2020-03-20,21,28,35,1,9,0,"8.619543","0.824782"
"Togo",2020-03-21,22,29,36,1,15,0,"8.619543","0.824782"
"Togo",2020-03-22,23,31,39,1,15,0,"8.619543","0.824782"
"Togo",2020-03-23,24,32,40,1,18,0,"8.619543","0.824782"
"Togo",2020-03-24,25,33,41,1,18,0,"8.619543","0.824782"
"Togo",2020-03-25,26,34,42,1,23,0,"8.619543","0.824782"
"Togo",2020-03-26,27,36,45,1,24,1,"8.619543","0.824782"
"Togo",2020-03-27,28,37,46,1,25,1,"8.619543","0.824782"
"Togo",2020-03-28,29,38,47,1,28,1,"8.619543","0.824782"
"Togo",2020-03-29,30,40,50,1,30,1,"8.619543","0.824782"
"Togo",2020-03-30,31,41,51,1,34,1,"8.619543","0.824782"
"Togo",2020-03-31,33,43,53,1,34,2,"8.619543","0.824782"
"Togo",2020-04-01,34,45,56,1,36,2,"8.619543","0.824782"
"Togo",2020-04-02,35,46,57,1,39,3,"8.619543","0.824782"
"Togo",2020-04-03,36,48,60,1,40,3,"8.619543","0.824782"
"Togo",2020-04-04,38,50,62,1,41,3,"8.619543","0.824782"
"Togo",2020-04-05,39,52,65,1,44,3,"8.619543","0.824782"
"Togo",2020-04-06,41,54,67,1,58,3,"8.619543","0.824782"
"Togo",2020-04-07,42,56,70,1,65,3,"8.619543","0.824782"
"Togo",2020-04-08,44,58,72,2,70,3,"8.619543","0.824782"
"Togo",2020-04-09,45,60,75,2,73,3,"8.619543","0.824782"
"Togo",2020-04-10,48,63,78,2,76,3,"8.619543","0.824782"
"Togo",2020-04-11,49,65,81,2,76,3,"8.619543","0.824782"
"Togo",2020-04-12,51,67,83,2,76,3,"8.619543","0.824782"
"Togo",2020-04-13,53,70,87,2,77,3,"8.619543","0.824782"
"Togo",2020-04-14,55,73,91,2,77,3,"8.619543","0.824782"
"Togo",2020-04-15,58,76,94,2,81,5,"8.619543","0.824782"
"Togo",2020-04-16,59,78,97,2,81,5,"8.619543","0.824782"
"Togo",2020-04-17,61,81,101,2,83,5,"8.619543","0.824782"
"Togo",2020-04-18,64,85,106,2,84,5,"8.619543","0.824782"
"Togo",2020-04-19,67,88,109,2,84,6,"8.619543","0.824782"
"Togo",2020-04-20,69,91,113,2,84,6,"8.619543","0.824782"
"Togo",2020-04-21,72,95,118,2,86,6,"8.619543","0.824782"
"Togo",2020-04-22,74,98,122,3,88,6,"8.619543","0.824782"
"Togo",2020-04-23,77,102,127,3,88,6,"8.619543","0.824782"
"Togo",2020-04-24,80,106,132,3,90,6,"8.619543","0.824782"
"Togo",2020-04-25,83,110,137,3,96,6,"8.619543","0.824782"
"Togo",2020-04-26,86,114,142,3,98,6,"8.619543","0.824782"
"Togo",2020-04-27,90,119,148,3,99,6,"8.619543","0.824782"
"Togo",2020-04-28,93,123,153,3,99,7,"8.619543","0.824782"
"Togo",2020-04-29,97,128,159,3,109,9,"8.619543","0.824782"
"Togo",2020-04-30,101,133,165,3,116,9,"8.619543","0.824782"
"Togo",2020-05-01,104,138,172,4,123,9,"8.619543","0.824782"
"Togo",2020-05-02,108,143,178,4,123,9,"8.619543","0.824782"
"Togo",2020-05-03,113,149,185,4,124,9,"8.619543","0.824782"
"Togo",2020-05-04,117,154,191,4,126,9,"8.619543","0.824782"
"Togo",2020-05-05,121,160,199,4,128,9,"8.619543","0.824782"
"Togo",2020-05-06,126,167,208,4,128,9,"8.619543","0.824782"
"Togo",2020-05-07,131,173,215,5,135,10,"8.619543","0.824782"
"Togo",2020-05-08,136,180,224,5,145,10,"8.619543","0.824782"
"Togo",2020-05-09,141,187,233,5,153,11,"8.619543","0.824782"
"Togo",2020-05-10,147,194,241,5,174,11,"8.619543","0.824782"
"Togo",2020-05-11,152,201,250,5,181,11,"8.619543","0.824782"
"Togo",2020-05-12,158,209,260,5,199,11,"8.619543","0.824782"
"Togo",2020-05-13,164,217,270,6,219,11,"8.619543","0.824782"
"Togo",2020-05-14,170,225,280,6,238,11,"8.619543","0.824782"
"Togo",2020-05-15,177,234,291,6,263,11,"8.619543","0.824782"
"Togo",2020-05-16,184,243,302,6,298,11,"8.619543","0.824782"
"Togo",2020-05-17,191,252,313,7,301,12,"8.619543","0.824782"
"Togo",2020-05-18,198,262,326,7,330,12,"8.619543","0.824782"
"Togo",2020-05-19,206,272,338,7,338,12,"8.619543","0.824782"
"Togo",2020-05-20,213,282,351,7,340,12,"8.619543","0.824782"
"Togo",2020-05-21,222,293,364,8,354,12,"8.619543","0.824782"
"Togo",2020-05-22,230,304,378,8,363,12,"8.619543","0.824782"
"Togo",2020-05-23,239,316,393,8,373,12,"8.619543","0.824782"
"Togo",2020-05-24,248,328,408,9,381,13,"8.619543","0.824782"
"Togo",2020-05-25,258,341,424,9,386,13,"8.619543","0.824782"
"Togo",2020-05-26,268,354,440,9,391,13,"8.619543","0.824782"
"Togo",2020-05-27,278,367,456,10,395,13,"8.619543","0.824782"
"Togo",2020-05-28,288,381,474,10,422,13,"8.619543","0.824782"
"Togo",2020-05-29,300,396,492,10,428,13,"8.619543","0.824782"
"Togo",2020-05-30,311,411,511,11,433,13,"8.619543","0.824782"
"Togo",2020-05-31,323,427,531,11,442,13,"8.619543","0.824782"
"Togo",2020-06-01,335,443,551,12,443,13,"8.619543","0.824782"
"Togo",2020-06-02,348,460,572,12,445,13,"8.619543","0.824782"
"Togo",2020-06-03,362,478,594,13,452,13,"8.619543","0.824782"
"Togo",2020-06-04,375,496,617,13,465,13,"8.619543","0.824782"
"Togo",2020-06-05,390,516,642,13,485,13,"8.619543","0.824782"
"Togo",2020-06-06,405,535,665,14,487,13,"8.619543","0.824782"
"Togo",2020-06-07,421,556,691,15,495,13,"8.619543","0.824782"
"Togo",2020-06-08,437,577,717,15,497,13,"8.619543","0.824782"
"Togo",2020-06-09,453,599,745,16,NA,NA,"8.619543","0.824782"
"Togo",2020-06-10,471,622,773,16,NA,NA,"8.619543","0.824782"
"Togo",2020-06-11,489,646,803,17,NA,NA,"8.619543","0.824782"
"Togo",2020-06-12,508,671,834,18,NA,NA,"8.619543","0.824782"
"Togo",2020-06-13,527,697,867,18,NA,NA,"8.619543","0.824782"
"Togo",2020-06-14,547,723,899,19,NA,NA,"8.619543","0.824782"
"Togo",2020-06-15,568,751,934,20,NA,NA,"8.619543","0.824782"
