"country","dias","otimista","casos_estimados","pessimista","estimativa_mortes","casos_confirmados","mortes_confirmadas","latitude","longitude"
"Congo",2019-12-30,0,0,0,0,0,NA,"0","21.758664"
"Congo",2019-12-31,1,1,1,0,0,NA,"0","21.758664"
"Congo",2020-01-01,1,1,1,0,0,NA,"0","21.758664"
"Congo",2020-01-02,1,1,1,0,0,NA,"0","21.758664"
"Congo",2020-01-03,1,1,1,0,0,NA,"0","21.758664"
"Congo",2020-01-04,1,1,1,0,0,NA,"0","21.758664"
"Congo",2020-01-05,1,1,1,0,0,NA,"0","21.758664"
"Congo",2020-01-06,1,1,1,0,0,NA,"0","21.758664"
"Congo",2020-01-07,1,1,1,0,0,NA,"0","21.758664"
"Congo",2020-01-08,1,1,1,0,0,NA,"0","21.758664"
"Congo",2020-01-09,1,1,1,0,0,NA,"0","21.758664"
"Congo",2020-01-10,1,1,1,0,0,NA,"0","21.758664"
"Congo",2020-01-11,1,1,1,0,0,NA,"0","21.758664"
"Congo",2020-01-12,1,1,1,0,0,NA,"0","21.758664"
"Congo",2020-01-13,1,1,1,0,0,NA,"0","21.758664"
"Congo",2020-01-14,1,1,1,0,0,NA,"0","21.758664"
"Congo",2020-01-15,1,1,1,0,0,NA,"0","21.758664"
"Congo",2020-01-16,1,1,1,0,0,NA,"0","21.758664"
"Congo",2020-01-17,1,1,1,0,0,NA,"0","21.758664"
"Congo",2020-01-18,1,1,1,0,0,NA,"0","21.758664"
"Congo",2020-01-19,1,1,1,0,0,NA,"0","21.758664"
"Congo",2020-01-20,1,1,1,0,0,NA,"0","21.758664"
"Congo",2020-01-21,1,1,1,0,0,NA,"0","21.758664"
"Congo",2020-01-22,1,1,1,0,0,NA,"0","21.758664"
"Congo",2020-01-23,1,2,3,0,0,NA,"0","21.758664"
"Congo",2020-01-24,1,2,3,0,0,NA,"0","21.758664"
"Congo",2020-01-25,1,2,3,0,0,NA,"0","21.758664"
"Congo",2020-01-26,1,2,3,0,0,NA,"0","21.758664"
"Congo",2020-01-27,1,2,3,0,0,NA,"0","21.758664"
"Congo",2020-01-28,1,2,3,0,0,NA,"0","21.758664"
"Congo",2020-01-29,1,2,3,0,0,NA,"0","21.758664"
"Congo",2020-01-30,1,2,3,0,0,NA,"0","21.758664"
"Congo",2020-01-31,1,2,3,0,0,NA,"0","21.758664"
"Congo",2020-02-01,1,2,3,0,0,NA,"0","21.758664"
"Congo",2020-02-02,2,3,4,0,0,NA,"0","21.758664"
"Congo",2020-02-03,2,3,4,0,0,NA,"0","21.758664"
"Congo",2020-02-04,2,3,4,0,0,NA,"0","21.758664"
"Congo",2020-02-05,2,3,4,0,0,NA,"0","21.758664"
"Congo",2020-02-06,2,3,4,0,0,NA,"0","21.758664"
"Congo",2020-02-07,2,3,4,0,0,NA,"0","21.758664"
"Congo",2020-02-08,2,3,4,0,0,NA,"0","21.758664"
"Congo",2020-02-09,3,4,5,0,0,NA,"0","21.758664"
"Congo",2020-02-10,3,4,5,0,0,NA,"0","21.758664"
"Congo",2020-02-11,3,4,5,0,0,NA,"0","21.758664"
"Congo",2020-02-12,3,4,5,0,0,NA,"0","21.758664"
"Congo",2020-02-13,3,4,5,0,0,NA,"0","21.758664"
"Congo",2020-02-14,3,5,7,0,0,NA,"0","21.758664"
"Congo",2020-02-15,3,5,7,0,0,NA,"0","21.758664"
"Congo",2020-02-16,3,5,7,0,0,NA,"0","21.758664"
"Congo",2020-02-17,3,5,7,0,0,NA,"0","21.758664"
"Congo",2020-02-18,4,6,8,0,0,NA,"0","21.758664"
"Congo",2020-02-19,4,6,8,0,0,NA,"0","21.758664"
"Congo",2020-02-20,4,6,8,0,0,NA,"0","21.758664"
"Congo",2020-02-21,5,7,9,0,0,NA,"0","21.758664"
"Congo",2020-02-22,5,7,9,0,0,NA,"0","21.758664"
"Congo",2020-02-23,5,7,9,0,0,NA,"0","21.758664"
"Congo",2020-02-24,5,8,11,0,0,NA,"0","21.758664"
"Congo",2020-02-25,5,8,11,0,0,NA,"0","21.758664"
"Congo",2020-02-26,5,8,11,0,0,NA,"0","21.758664"
"Congo",2020-02-27,6,9,12,0,0,NA,"0","21.758664"
"Congo",2020-02-28,6,9,12,0,0,NA,"0","21.758664"
"Congo",2020-02-29,6,10,14,0,0,NA,"0","21.758664"
"Congo",2020-03-01,6,10,14,0,0,NA,"0","21.758664"
"Congo",2020-03-02,7,11,15,0,0,NA,"0","21.758664"
"Congo",2020-03-03,7,11,15,0,0,NA,"0","21.758664"
"Congo",2020-03-04,8,12,16,0,0,NA,"0","21.758664"
"Congo",2020-03-05,8,13,18,0,0,NA,"0","21.758664"
"Congo",2020-03-06,8,13,18,0,0,NA,"0","21.758664"
"Congo",2020-03-07,9,14,19,0,0,NA,"0","21.758664"
"Congo",2020-03-08,10,15,20,0,0,NA,"0","21.758664"
"Congo",2020-03-09,10,15,20,0,0,NA,"0","21.758664"
"Congo",2020-03-10,10,16,22,1,0,NA,"0","21.758664"
"Congo",2020-03-11,11,17,23,1,0,NA,"0","21.758664"
"Congo",2020-03-12,12,18,24,1,0,NA,"0","21.758664"
"Congo",2020-03-13,12,19,26,1,0,NA,"0","21.758664"
"Congo",2020-03-14,13,20,27,1,0,0,"0","21.758664"
"Congo",2020-03-15,14,21,28,1,1,0,"0","21.758664"
"Congo",2020-03-16,14,22,30,1,1,0,"0","21.758664"
"Congo",2020-03-17,15,23,31,1,1,0,"0","21.758664"
"Congo",2020-03-18,16,24,32,1,3,0,"0","21.758664"
"Congo",2020-03-19,16,25,34,1,3,0,"0","21.758664"
"Congo",2020-03-20,17,26,35,1,3,0,"0","21.758664"
"Congo",2020-03-21,18,28,38,1,4,0,"0","21.758664"
"Congo",2020-03-22,19,29,39,1,4,0,"0","21.758664"
"Congo",2020-03-23,20,31,42,1,4,0,"0","21.758664"
"Congo",2020-03-24,21,32,43,1,4,0,"0","21.758664"
"Congo",2020-03-25,22,34,46,1,4,0,"0","21.758664"
"Congo",2020-03-26,23,35,47,1,4,0,"0","21.758664"
"Congo",2020-03-27,24,37,50,1,4,0,"0","21.758664"
"Congo",2020-03-28,25,39,53,1,19,0,"0","21.758664"
"Congo",2020-03-29,27,41,55,1,19,0,"0","21.758664"
"Congo",2020-03-30,28,43,58,1,19,2,"0","21.758664"
"Congo",2020-03-31,29,45,61,1,22,2,"0","21.758664"
"Congo",2020-04-01,31,48,65,2,22,3,"0","21.758664"
"Congo",2020-04-02,32,50,68,2,41,3,"0","21.758664"
"Congo",2020-04-03,34,53,72,2,41,5,"0","21.758664"
"Congo",2020-04-04,36,55,74,2,45,5,"0","21.758664"
"Congo",2020-04-05,38,58,78,2,45,5,"0","21.758664"
"Congo",2020-04-06,40,61,82,2,45,5,"0","21.758664"
"Congo",2020-04-07,42,64,86,2,45,5,"0","21.758664"
"Congo",2020-04-08,43,67,91,2,60,5,"0","21.758664"
"Congo",2020-04-09,46,71,96,2,60,5,"0","21.758664"
"Congo",2020-04-10,48,74,100,2,60,5,"0","21.758664"
"Congo",2020-04-11,51,78,105,3,60,5,"0","21.758664"
"Congo",2020-04-12,53,82,111,3,70,5,"0","21.758664"
"Congo",2020-04-13,56,86,116,3,70,5,"0","21.758664"
"Congo",2020-04-14,59,91,123,3,74,5,"0","21.758664"
"Congo",2020-04-15,62,95,128,3,117,5,"0","21.758664"
"Congo",2020-04-16,65,100,135,3,117,6,"0","21.758664"
"Congo",2020-04-17,68,105,142,3,143,6,"0","21.758664"
"Congo",2020-04-18,72,111,150,4,143,6,"0","21.758664"
"Congo",2020-04-19,75,116,157,4,160,6,"0","21.758664"
"Congo",2020-04-20,79,122,165,4,160,6,"0","21.758664"
"Congo",2020-04-21,83,128,173,4,165,6,"0","21.758664"
"Congo",2020-04-22,88,135,182,4,186,6,"0","21.758664"
"Congo",2020-04-23,92,142,192,5,186,6,"0","21.758664"
"Congo",2020-04-24,97,149,201,5,200,8,"0","21.758664"
"Congo",2020-04-25,102,157,212,5,200,8,"0","21.758664"
"Congo",2020-04-26,107,165,223,5,200,8,"0","21.758664"
"Congo",2020-04-27,112,173,234,6,207,8,"0","21.758664"
"Congo",2020-04-28,118,182,246,6,207,9,"0","21.758664"
"Congo",2020-04-29,124,191,258,6,220,9,"0","21.758664"
"Congo",2020-04-30,130,201,272,7,220,10,"0","21.758664"
"Congo",2020-05-01,137,211,285,7,229,10,"0","21.758664"
"Congo",2020-05-02,143,221,299,7,229,10,"0","21.758664"
"Congo",2020-05-03,151,233,315,8,229,10,"0","21.758664"
"Congo",2020-05-04,159,245,331,8,236,10,"0","21.758664"
"Congo",2020-05-05,167,257,347,8,236,10,"0","21.758664"
"Congo",2020-05-06,175,270,365,9,264,10,"0","21.758664"
"Congo",2020-05-07,184,284,384,9,274,10,"0","21.758664"
"Congo",2020-05-08,193,298,403,10,287,10,"0","21.758664"
"Congo",2020-05-09,203,313,423,10,287,10,"0","21.758664"
"Congo",2020-05-10,214,329,444,11,287,11,"0","21.758664"
"Congo",2020-05-11,225,346,467,11,333,11,"0","21.758664"
"Congo",2020-05-12,236,363,490,12,333,11,"0","21.758664"
"Congo",2020-05-13,248,382,516,13,NA,NA,"0","21.758664"
"Congo",2020-05-14,260,401,542,13,NA,NA,"0","21.758664"
"Congo",2020-05-15,274,422,570,14,NA,NA,"0","21.758664"
"Congo",2020-05-16,288,443,598,15,NA,NA,"0","21.758664"
"Congo",2020-05-17,302,466,630,15,NA,NA,"0","21.758664"
"Congo",2020-05-18,317,489,661,16,NA,NA,"0","21.758664"
"Congo",2020-05-19,334,514,694,17,NA,NA,"0","21.758664"
