"country","dias","otimista","casos_estimados","pessimista","estimativa_mortes","casos_confirmados","mortes_confirmadas","latitude","longitude"
"Myanmar",2019-12-30,3,5,7,0,0,NA,"21.916221","95.955974"
"Myanmar",2019-12-31,3,5,7,0,0,NA,"21.916221","95.955974"
"Myanmar",2020-01-01,4,6,8,0,0,NA,"21.916221","95.955974"
"Myanmar",2020-01-02,4,6,8,0,0,NA,"21.916221","95.955974"
"Myanmar",2020-01-03,4,6,8,0,0,NA,"21.916221","95.955974"
"Myanmar",2020-01-04,4,6,8,0,0,NA,"21.916221","95.955974"
"Myanmar",2020-01-05,4,6,8,0,0,NA,"21.916221","95.955974"
"Myanmar",2020-01-06,4,6,8,0,0,NA,"21.916221","95.955974"
"Myanmar",2020-01-07,4,6,8,0,0,NA,"21.916221","95.955974"
"Myanmar",2020-01-08,4,7,10,0,0,NA,"21.916221","95.955974"
"Myanmar",2020-01-09,4,7,10,0,0,NA,"21.916221","95.955974"
"Myanmar",2020-01-10,4,7,10,0,0,NA,"21.916221","95.955974"
"Myanmar",2020-01-11,4,7,10,0,0,NA,"21.916221","95.955974"
"Myanmar",2020-01-12,4,7,10,0,0,NA,"21.916221","95.955974"
"Myanmar",2020-01-13,4,7,10,0,0,NA,"21.916221","95.955974"
"Myanmar",2020-01-14,5,8,11,0,0,NA,"21.916221","95.955974"
"Myanmar",2020-01-15,5,8,11,0,0,NA,"21.916221","95.955974"
"Myanmar",2020-01-16,5,8,11,0,0,NA,"21.916221","95.955974"
"Myanmar",2020-01-17,5,8,11,0,0,NA,"21.916221","95.955974"
"Myanmar",2020-01-18,5,8,11,0,0,NA,"21.916221","95.955974"
"Myanmar",2020-01-19,5,9,13,0,0,NA,"21.916221","95.955974"
"Myanmar",2020-01-20,5,9,13,0,0,NA,"21.916221","95.955974"
"Myanmar",2020-01-21,5,9,13,0,0,NA,"21.916221","95.955974"
"Myanmar",2020-01-22,5,9,13,0,0,NA,"21.916221","95.955974"
"Myanmar",2020-01-23,5,9,13,0,0,NA,"21.916221","95.955974"
"Myanmar",2020-01-24,6,10,14,0,0,NA,"21.916221","95.955974"
"Myanmar",2020-01-25,6,10,14,0,0,NA,"21.916221","95.955974"
"Myanmar",2020-01-26,6,10,14,0,0,NA,"21.916221","95.955974"
"Myanmar",2020-01-27,6,10,14,0,0,NA,"21.916221","95.955974"
"Myanmar",2020-01-28,7,11,15,0,0,NA,"21.916221","95.955974"
"Myanmar",2020-01-29,7,11,15,0,0,NA,"21.916221","95.955974"
"Myanmar",2020-01-30,7,11,15,0,0,NA,"21.916221","95.955974"
"Myanmar",2020-01-31,7,12,17,0,0,NA,"21.916221","95.955974"
"Myanmar",2020-02-01,7,12,17,0,0,NA,"21.916221","95.955974"
"Myanmar",2020-02-02,7,12,17,0,0,NA,"21.916221","95.955974"
"Myanmar",2020-02-03,7,12,17,0,0,NA,"21.916221","95.955974"
"Myanmar",2020-02-04,8,13,18,0,0,NA,"21.916221","95.955974"
"Myanmar",2020-02-05,8,13,18,0,0,NA,"21.916221","95.955974"
"Myanmar",2020-02-06,8,13,18,0,0,NA,"21.916221","95.955974"
"Myanmar",2020-02-07,8,14,20,0,0,NA,"21.916221","95.955974"
"Myanmar",2020-02-08,8,14,20,0,0,NA,"21.916221","95.955974"
"Myanmar",2020-02-09,8,14,20,0,0,NA,"21.916221","95.955974"
"Myanmar",2020-02-10,9,15,21,0,0,NA,"21.916221","95.955974"
"Myanmar",2020-02-11,9,15,21,0,0,NA,"21.916221","95.955974"
"Myanmar",2020-02-12,9,15,21,0,0,NA,"21.916221","95.955974"
"Myanmar",2020-02-13,10,16,22,0,0,NA,"21.916221","95.955974"
"Myanmar",2020-02-14,10,16,22,0,0,NA,"21.916221","95.955974"
"Myanmar",2020-02-15,10,17,24,0,0,NA,"21.916221","95.955974"
"Myanmar",2020-02-16,10,17,24,0,0,NA,"21.916221","95.955974"
"Myanmar",2020-02-17,10,17,24,0,0,NA,"21.916221","95.955974"
"Myanmar",2020-02-18,11,18,25,0,0,NA,"21.916221","95.955974"
"Myanmar",2020-02-19,11,18,25,0,0,NA,"21.916221","95.955974"
"Myanmar",2020-02-20,11,19,27,0,0,NA,"21.916221","95.955974"
"Myanmar",2020-02-21,11,19,27,0,0,NA,"21.916221","95.955974"
"Myanmar",2020-02-22,12,20,28,0,0,NA,"21.916221","95.955974"
"Myanmar",2020-02-23,12,20,28,0,0,NA,"21.916221","95.955974"
"Myanmar",2020-02-24,13,21,29,0,0,NA,"21.916221","95.955974"
"Myanmar",2020-02-25,13,21,29,0,0,NA,"21.916221","95.955974"
"Myanmar",2020-02-26,13,22,31,1,0,NA,"21.916221","95.955974"
"Myanmar",2020-02-27,13,22,31,1,0,NA,"21.916221","95.955974"
"Myanmar",2020-02-28,14,23,32,1,0,NA,"21.916221","95.955974"
"Myanmar",2020-02-29,14,23,32,1,0,NA,"21.916221","95.955974"
"Myanmar",2020-03-01,14,24,34,1,0,NA,"21.916221","95.955974"
"Myanmar",2020-03-02,15,25,35,1,0,NA,"21.916221","95.955974"
"Myanmar",2020-03-03,15,25,35,1,0,NA,"21.916221","95.955974"
"Myanmar",2020-03-04,16,26,36,1,0,NA,"21.916221","95.955974"
"Myanmar",2020-03-05,16,27,38,1,0,NA,"21.916221","95.955974"
"Myanmar",2020-03-06,16,27,38,1,0,NA,"21.916221","95.955974"
"Myanmar",2020-03-07,17,28,39,1,0,NA,"21.916221","95.955974"
"Myanmar",2020-03-08,17,29,41,1,0,NA,"21.916221","95.955974"
"Myanmar",2020-03-09,17,29,41,1,0,NA,"21.916221","95.955974"
"Myanmar",2020-03-10,18,30,42,1,0,NA,"21.916221","95.955974"
"Myanmar",2020-03-11,19,31,43,1,0,NA,"21.916221","95.955974"
"Myanmar",2020-03-12,19,31,43,1,0,NA,"21.916221","95.955974"
"Myanmar",2020-03-13,19,32,45,1,0,NA,"21.916221","95.955974"
"Myanmar",2020-03-14,20,33,46,1,0,NA,"21.916221","95.955974"
"Myanmar",2020-03-15,20,34,48,1,0,0,"21.916221","95.955974"
"Myanmar",2020-03-16,21,35,49,1,0,NA,"21.916221","95.955974"
"Myanmar",2020-03-17,21,36,51,1,0,NA,"21.916221","95.955974"
"Myanmar",2020-03-18,21,36,51,1,0,NA,"21.916221","95.955974"
"Myanmar",2020-03-19,22,37,52,1,0,NA,"21.916221","95.955974"
"Myanmar",2020-03-20,23,38,53,1,0,NA,"21.916221","95.955974"
"Myanmar",2020-03-21,23,39,55,1,0,NA,"21.916221","95.955974"
"Myanmar",2020-03-22,24,40,56,1,0,0,"21.916221","95.955974"
"Myanmar",2020-03-23,24,41,58,1,2,0,"21.916221","95.955974"
"Myanmar",2020-03-24,25,42,59,1,3,0,"21.916221","95.955974"
"Myanmar",2020-03-25,26,43,60,1,3,0,"21.916221","95.955974"
"Myanmar",2020-03-26,26,44,62,1,5,0,"21.916221","95.955974"
"Myanmar",2020-03-27,27,46,65,1,5,0,"21.916221","95.955974"
"Myanmar",2020-03-28,28,47,66,1,8,0,"21.916221","95.955974"
"Myanmar",2020-03-29,29,48,67,1,8,0,"21.916221","95.955974"
"Myanmar",2020-03-30,29,49,69,1,14,1,"21.916221","95.955974"
"Myanmar",2020-03-31,30,50,70,1,15,1,"21.916221","95.955974"
"Myanmar",2020-04-01,30,51,72,1,16,1,"21.916221","95.955974"
"Myanmar",2020-04-02,32,53,74,1,20,1,"21.916221","95.955974"
"Myanmar",2020-04-03,32,54,76,1,20,1,"21.916221","95.955974"
"Myanmar",2020-04-04,33,55,77,1,21,1,"21.916221","95.955974"
"Myanmar",2020-04-05,34,57,80,1,21,1,"21.916221","95.955974"
"Myanmar",2020-04-06,35,58,81,1,22,1,"21.916221","95.955974"
"Myanmar",2020-04-07,36,60,84,1,22,3,"21.916221","95.955974"
"Myanmar",2020-04-08,36,61,86,1,22,3,"21.916221","95.955974"
"Myanmar",2020-04-09,38,63,88,1,27,3,"21.916221","95.955974"
"Myanmar",2020-04-10,38,64,90,1,28,3,"21.916221","95.955974"
"Myanmar",2020-04-11,39,66,93,2,31,4,"21.916221","95.955974"
"Myanmar",2020-04-12,40,67,94,2,41,4,"21.916221","95.955974"
"Myanmar",2020-04-13,41,69,97,2,62,4,"21.916221","95.955974"
"Myanmar",2020-04-14,42,71,100,2,74,4,"21.916221","95.955974"
"Myanmar",2020-04-15,44,73,102,2,74,4,"21.916221","95.955974"
"Myanmar",2020-04-16,44,74,104,2,85,5,"21.916221","95.955974"
"Myanmar",2020-04-17,45,76,107,2,94,5,"21.916221","95.955974"
"Myanmar",2020-04-18,47,78,109,2,107,5,"21.916221","95.955974"
"Myanmar",2020-04-19,48,80,112,2,111,5,"21.916221","95.955974"
"Myanmar",2020-04-20,49,82,115,2,119,5,"21.916221","95.955974"
"Myanmar",2020-04-21,50,84,118,2,121,5,"21.916221","95.955974"
"Myanmar",2020-04-22,51,86,121,2,127,5,"21.916221","95.955974"
"Myanmar",2020-04-23,53,88,123,2,132,5,"21.916221","95.955974"
"Myanmar",2020-04-24,54,90,126,2,144,5,"21.916221","95.955974"
"Myanmar",2020-04-25,56,93,130,2,146,5,"21.916221","95.955974"
"Myanmar",2020-04-26,57,95,133,2,146,5,"21.916221","95.955974"
"Myanmar",2020-04-27,58,97,136,2,146,5,"21.916221","95.955974"
"Myanmar",2020-04-28,60,100,140,2,150,6,"21.916221","95.955974"
"Myanmar",2020-04-29,61,102,143,2,150,6,"21.916221","95.955974"
"Myanmar",2020-04-30,63,105,147,2,151,6,"21.916221","95.955974"
"Myanmar",2020-05-01,64,107,150,2,151,6,"21.916221","95.955974"
"Myanmar",2020-05-02,66,110,154,3,151,6,"21.916221","95.955974"
"Myanmar",2020-05-03,67,113,159,3,155,6,"21.916221","95.955974"
"Myanmar",2020-05-04,69,116,163,3,161,6,"21.916221","95.955974"
"Myanmar",2020-05-05,71,119,167,3,161,6,"21.916221","95.955974"
"Myanmar",2020-05-06,72,121,170,3,162,6,"21.916221","95.955974"
"Myanmar",2020-05-07,74,124,174,3,176,6,"21.916221","95.955974"
"Myanmar",2020-05-08,76,128,180,3,177,6,"21.916221","95.955974"
"Myanmar",2020-05-09,78,131,184,3,178,6,"21.916221","95.955974"
"Myanmar",2020-05-10,80,134,188,3,180,6,"21.916221","95.955974"
"Myanmar",2020-05-11,82,137,192,3,180,6,"21.916221","95.955974"
"Myanmar",2020-05-12,84,141,198,3,180,6,"21.916221","95.955974"
"Myanmar",2020-05-13,86,144,202,3,181,6,"21.916221","95.955974"
"Myanmar",2020-05-14,88,148,208,3,181,6,"21.916221","95.955974"
"Myanmar",2020-05-15,90,151,212,3,182,6,"21.916221","95.955974"
"Myanmar",2020-05-16,93,155,217,4,182,6,"21.916221","95.955974"
"Myanmar",2020-05-17,95,159,223,4,187,6,"21.916221","95.955974"
"Myanmar",2020-05-18,97,163,229,4,191,6,"21.916221","95.955974"
"Myanmar",2020-05-19,100,167,234,4,193,6,"21.916221","95.955974"
"Myanmar",2020-05-20,102,171,240,4,199,6,"21.916221","95.955974"
"Myanmar",2020-05-21,105,176,247,4,199,6,"21.916221","95.955974"
"Myanmar",2020-05-22,107,180,253,4,201,6,"21.916221","95.955974"
"Myanmar",2020-05-23,110,184,258,4,201,6,"21.916221","95.955974"
"Myanmar",2020-05-24,113,189,265,4,201,6,"21.916221","95.955974"
"Myanmar",2020-05-25,116,194,272,4,203,6,"21.916221","95.955974"
"Myanmar",2020-05-26,118,198,278,5,206,6,"21.916221","95.955974"
"Myanmar",2020-05-27,121,203,285,5,206,6,"21.916221","95.955974"
"Myanmar",2020-05-28,124,208,292,5,206,6,"21.916221","95.955974"
"Myanmar",2020-05-29,128,214,300,5,224,6,"21.916221","95.955974"
"Myanmar",2020-05-30,131,219,307,5,224,6,"21.916221","95.955974"
"Myanmar",2020-05-31,134,224,314,5,228,6,"21.916221","95.955974"
"Myanmar",2020-06-01,137,230,323,5,228,6,"21.916221","95.955974"
"Myanmar",2020-06-02,141,236,331,5,233,6,"21.916221","95.955974"
"Myanmar",2020-06-03,144,242,340,6,234,6,"21.916221","95.955974"
"Myanmar",2020-06-04,148,248,348,6,236,6,"21.916221","95.955974"
"Myanmar",2020-06-05,152,254,356,6,236,6,"21.916221","95.955974"
"Myanmar",2020-06-06,155,260,365,6,240,6,"21.916221","95.955974"
"Myanmar",2020-06-07,159,266,373,6,243,6,"21.916221","95.955974"
"Myanmar",2020-06-08,163,273,383,6,244,6,"21.916221","95.955974"
"Myanmar",2020-06-09,167,280,393,6,246,6,"21.916221","95.955974"
"Myanmar",2020-06-10,171,287,403,7,249,6,"21.916221","95.955974"
"Myanmar",2020-06-11,176,294,412,7,261,6,"21.916221","95.955974"
"Myanmar",2020-06-12,180,301,422,7,261,6,"21.916221","95.955974"
"Myanmar",2020-06-13,185,309,433,7,261,6,"21.916221","95.955974"
"Myanmar",2020-06-14,189,316,443,7,261,6,"21.916221","95.955974"
"Myanmar",2020-06-15,193,324,455,7,NA,NA,"21.916221","95.955974"
"Myanmar",2020-06-16,198,332,466,8,NA,NA,"21.916221","95.955974"
"Myanmar",2020-06-17,204,341,478,8,NA,NA,"21.916221","95.955974"
"Myanmar",2020-06-18,208,349,490,8,NA,NA,"21.916221","95.955974"
"Myanmar",2020-06-19,214,358,502,8,NA,NA,"21.916221","95.955974"
"Myanmar",2020-06-20,219,367,515,8,NA,NA,"21.916221","95.955974"
"Myanmar",2020-06-21,225,376,527,9,NA,NA,"21.916221","95.955974"
