"country","dias","otimista","casos_estimados","pessimista","estimativa_mortes","casos_confirmados","mortes_confirmadas","latitude","longitude"
"Togo",2019-12-30,1,2,3,0,0,NA,"8.619543","0.824782"
"Togo",2019-12-31,1,2,3,0,0,NA,"8.619543","0.824782"
"Togo",2020-01-01,1,2,3,0,0,NA,"8.619543","0.824782"
"Togo",2020-01-02,1,2,3,0,0,NA,"8.619543","0.824782"
"Togo",2020-01-03,1,2,3,0,0,NA,"8.619543","0.824782"
"Togo",2020-01-04,1,2,3,0,0,NA,"8.619543","0.824782"
"Togo",2020-01-05,2,3,4,0,0,NA,"8.619543","0.824782"
"Togo",2020-01-06,2,3,4,0,0,NA,"8.619543","0.824782"
"Togo",2020-01-07,2,3,4,0,0,NA,"8.619543","0.824782"
"Togo",2020-01-08,2,3,4,0,0,NA,"8.619543","0.824782"
"Togo",2020-01-09,2,3,4,0,0,NA,"8.619543","0.824782"
"Togo",2020-01-10,2,3,4,0,0,NA,"8.619543","0.824782"
"Togo",2020-01-11,2,3,4,0,0,NA,"8.619543","0.824782"
"Togo",2020-01-12,2,3,4,0,0,NA,"8.619543","0.824782"
"Togo",2020-01-13,2,3,4,0,0,NA,"8.619543","0.824782"
"Togo",2020-01-14,2,3,4,0,0,NA,"8.619543","0.824782"
"Togo",2020-01-15,3,4,5,0,0,NA,"8.619543","0.824782"
"Togo",2020-01-16,3,4,5,0,0,NA,"8.619543","0.824782"
"Togo",2020-01-17,3,4,5,0,0,NA,"8.619543","0.824782"
"Togo",2020-01-18,3,4,5,0,0,NA,"8.619543","0.824782"
"Togo",2020-01-19,3,4,5,0,0,NA,"8.619543","0.824782"
"Togo",2020-01-20,3,4,5,0,0,NA,"8.619543","0.824782"
"Togo",2020-01-21,3,4,5,0,0,NA,"8.619543","0.824782"
"Togo",2020-01-22,4,5,6,0,0,NA,"8.619543","0.824782"
"Togo",2020-01-23,4,5,6,0,0,NA,"8.619543","0.824782"
"Togo",2020-01-24,4,5,6,0,0,NA,"8.619543","0.824782"
"Togo",2020-01-25,4,5,6,0,0,NA,"8.619543","0.824782"
"Togo",2020-01-26,4,5,6,0,0,NA,"8.619543","0.824782"
"Togo",2020-01-27,4,5,6,0,0,NA,"8.619543","0.824782"
"Togo",2020-01-28,4,6,8,0,0,NA,"8.619543","0.824782"
"Togo",2020-01-29,4,6,8,0,0,NA,"8.619543","0.824782"
"Togo",2020-01-30,4,6,8,0,0,NA,"8.619543","0.824782"
"Togo",2020-01-31,4,6,8,0,0,NA,"8.619543","0.824782"
"Togo",2020-02-01,4,6,8,0,0,NA,"8.619543","0.824782"
"Togo",2020-02-02,5,7,9,0,0,NA,"8.619543","0.824782"
"Togo",2020-02-03,5,7,9,0,0,NA,"8.619543","0.824782"
"Togo",2020-02-04,5,7,9,0,0,NA,"8.619543","0.824782"
"Togo",2020-02-05,5,7,9,0,0,NA,"8.619543","0.824782"
"Togo",2020-02-06,6,8,10,0,0,NA,"8.619543","0.824782"
"Togo",2020-02-07,6,8,10,0,0,NA,"8.619543","0.824782"
"Togo",2020-02-08,6,8,10,0,0,NA,"8.619543","0.824782"
"Togo",2020-02-09,7,9,11,0,0,NA,"8.619543","0.824782"
"Togo",2020-02-10,7,9,11,0,0,NA,"8.619543","0.824782"
"Togo",2020-02-11,7,9,11,0,0,NA,"8.619543","0.824782"
"Togo",2020-02-12,7,9,11,0,0,NA,"8.619543","0.824782"
"Togo",2020-02-13,7,10,13,0,0,NA,"8.619543","0.824782"
"Togo",2020-02-14,7,10,13,0,0,NA,"8.619543","0.824782"
"Togo",2020-02-15,8,11,14,0,0,NA,"8.619543","0.824782"
"Togo",2020-02-16,8,11,14,0,0,NA,"8.619543","0.824782"
"Togo",2020-02-17,8,11,14,0,0,NA,"8.619543","0.824782"
"Togo",2020-02-18,9,12,15,0,0,NA,"8.619543","0.824782"
"Togo",2020-02-19,9,12,15,0,0,NA,"8.619543","0.824782"
"Togo",2020-02-20,9,12,15,0,0,NA,"8.619543","0.824782"
"Togo",2020-02-21,10,13,16,0,0,NA,"8.619543","0.824782"
"Togo",2020-02-22,10,13,16,0,0,NA,"8.619543","0.824782"
"Togo",2020-02-23,10,14,18,0,0,NA,"8.619543","0.824782"
"Togo",2020-02-24,10,14,18,0,0,NA,"8.619543","0.824782"
"Togo",2020-02-25,11,15,19,0,0,NA,"8.619543","0.824782"
"Togo",2020-02-26,11,15,19,0,0,NA,"8.619543","0.824782"
"Togo",2020-02-27,12,16,20,0,0,NA,"8.619543","0.824782"
"Togo",2020-02-28,12,16,20,0,0,NA,"8.619543","0.824782"
"Togo",2020-02-29,13,17,21,0,0,NA,"8.619543","0.824782"
"Togo",2020-03-01,13,18,23,0,0,NA,"8.619543","0.824782"
"Togo",2020-03-02,13,18,23,0,0,NA,"8.619543","0.824782"
"Togo",2020-03-03,14,19,24,0,0,NA,"8.619543","0.824782"
"Togo",2020-03-04,14,19,24,0,0,NA,"8.619543","0.824782"
"Togo",2020-03-05,15,20,25,0,0,0,"8.619543","0.824782"
"Togo",2020-03-06,16,21,26,1,1,NA,"8.619543","0.824782"
"Togo",2020-03-07,16,22,28,1,0,NA,"8.619543","0.824782"
"Togo",2020-03-08,16,22,28,1,0,NA,"8.619543","0.824782"
"Togo",2020-03-09,17,23,29,1,0,NA,"8.619543","0.824782"
"Togo",2020-03-10,18,24,30,1,0,NA,"8.619543","0.824782"
"Togo",2020-03-11,18,25,32,1,0,NA,"8.619543","0.824782"
"Togo",2020-03-12,19,26,33,1,0,NA,"8.619543","0.824782"
"Togo",2020-03-13,20,27,34,1,0,0,"8.619543","0.824782"
"Togo",2020-03-14,20,27,34,1,1,0,"8.619543","0.824782"
"Togo",2020-03-15,21,28,35,1,1,0,"8.619543","0.824782"
"Togo",2020-03-16,21,29,37,1,1,0,"8.619543","0.824782"
"Togo",2020-03-17,22,30,38,1,1,0,"8.619543","0.824782"
"Togo",2020-03-18,24,32,40,1,1,0,"8.619543","0.824782"
"Togo",2020-03-19,24,33,42,1,1,0,"8.619543","0.824782"
"Togo",2020-03-20,25,34,43,1,9,0,"8.619543","0.824782"
"Togo",2020-03-21,26,35,44,1,15,0,"8.619543","0.824782"
"Togo",2020-03-22,27,36,45,1,15,0,"8.619543","0.824782"
"Togo",2020-03-23,27,37,47,1,18,0,"8.619543","0.824782"
"Togo",2020-03-24,29,39,49,1,18,0,"8.619543","0.824782"
"Togo",2020-03-25,30,40,50,1,23,0,"8.619543","0.824782"
"Togo",2020-03-26,31,42,53,1,24,1,"8.619543","0.824782"
"Togo",2020-03-27,32,43,54,1,25,1,"8.619543","0.824782"
"Togo",2020-03-28,33,44,55,1,28,1,"8.619543","0.824782"
"Togo",2020-03-29,34,46,58,1,30,1,"8.619543","0.824782"
"Togo",2020-03-30,35,48,61,1,34,1,"8.619543","0.824782"
"Togo",2020-03-31,36,49,62,1,34,2,"8.619543","0.824782"
"Togo",2020-04-01,38,51,64,1,36,2,"8.619543","0.824782"
"Togo",2020-04-02,39,53,67,1,39,3,"8.619543","0.824782"
"Togo",2020-04-03,41,55,69,1,40,3,"8.619543","0.824782"
"Togo",2020-04-04,42,57,72,1,41,3,"8.619543","0.824782"
"Togo",2020-04-05,44,59,74,1,44,3,"8.619543","0.824782"
"Togo",2020-04-06,45,61,77,1,58,3,"8.619543","0.824782"
"Togo",2020-04-07,47,63,79,2,65,3,"8.619543","0.824782"
"Togo",2020-04-08,48,65,82,2,70,3,"8.619543","0.824782"
"Togo",2020-04-09,50,67,84,2,73,3,"8.619543","0.824782"
"Togo",2020-04-10,51,69,87,2,76,3,"8.619543","0.824782"
"Togo",2020-04-11,53,72,91,2,76,3,"8.619543","0.824782"
"Togo",2020-04-12,55,74,93,2,76,3,"8.619543","0.824782"
"Togo",2020-04-13,57,77,97,2,77,3,"8.619543","0.824782"
"Togo",2020-04-14,59,80,101,2,77,3,"8.619543","0.824782"
"Togo",2020-04-15,61,83,105,2,81,5,"8.619543","0.824782"
"Togo",2020-04-16,63,85,107,2,81,5,"8.619543","0.824782"
"Togo",2020-04-17,65,88,111,2,83,5,"8.619543","0.824782"
"Togo",2020-04-18,67,91,115,2,84,5,"8.619543","0.824782"
"Togo",2020-04-19,70,95,120,2,84,6,"8.619543","0.824782"
"Togo",2020-04-20,72,98,124,2,84,6,"8.619543","0.824782"
"Togo",2020-04-21,75,101,127,2,86,6,"8.619543","0.824782"
"Togo",2020-04-22,78,105,132,3,88,6,"8.619543","0.824782"
"Togo",2020-04-23,81,109,137,3,88,6,"8.619543","0.824782"
"Togo",2020-04-24,83,112,141,3,90,6,"8.619543","0.824782"
"Togo",2020-04-25,86,116,146,3,96,6,"8.619543","0.824782"
"Togo",2020-04-26,89,120,151,3,98,6,"8.619543","0.824782"
"Togo",2020-04-27,92,125,158,3,99,6,"8.619543","0.824782"
"Togo",2020-04-28,95,129,163,3,99,7,"8.619543","0.824782"
"Togo",2020-04-29,98,133,168,3,109,9,"8.619543","0.824782"
"Togo",2020-04-30,102,138,174,3,116,9,"8.619543","0.824782"
"Togo",2020-05-01,106,143,180,4,123,9,"8.619543","0.824782"
"Togo",2020-05-02,109,148,187,4,123,9,"8.619543","0.824782"
"Togo",2020-05-03,113,153,193,4,124,9,"8.619543","0.824782"
"Togo",2020-05-04,117,158,199,4,126,9,"8.619543","0.824782"
"Togo",2020-05-05,121,164,207,4,128,9,"8.619543","0.824782"
"Togo",2020-05-06,126,170,214,4,128,9,"8.619543","0.824782"
"Togo",2020-05-07,130,176,222,4,135,10,"8.619543","0.824782"
"Togo",2020-05-08,135,182,229,4,145,10,"8.619543","0.824782"
"Togo",2020-05-09,139,188,237,5,153,11,"8.619543","0.824782"
"Togo",2020-05-10,144,195,246,5,174,11,"8.619543","0.824782"
"Togo",2020-05-11,149,202,255,5,181,11,"8.619543","0.824782"
"Togo",2020-05-12,154,209,264,5,199,11,"8.619543","0.824782"
"Togo",2020-05-13,160,216,272,5,219,11,"8.619543","0.824782"
"Togo",2020-05-14,165,223,281,5,238,11,"8.619543","0.824782"
"Togo",2020-05-15,171,231,291,6,263,11,"8.619543","0.824782"
"Togo",2020-05-16,177,239,301,6,298,11,"8.619543","0.824782"
"Togo",2020-05-17,183,248,313,6,301,12,"8.619543","0.824782"
"Togo",2020-05-18,189,256,323,6,330,12,"8.619543","0.824782"
"Togo",2020-05-19,196,265,334,6,338,12,"8.619543","0.824782"
"Togo",2020-05-20,203,275,347,7,340,12,"8.619543","0.824782"
"Togo",2020-05-21,210,284,358,7,354,12,"8.619543","0.824782"
"Togo",2020-05-22,217,294,371,7,363,12,"8.619543","0.824782"
"Togo",2020-05-23,225,304,383,7,373,12,"8.619543","0.824782"
"Togo",2020-05-24,233,315,397,8,381,13,"8.619543","0.824782"
"Togo",2020-05-25,241,326,411,8,386,13,"8.619543","0.824782"
"Togo",2020-05-26,249,337,425,8,391,13,"8.619543","0.824782"
"Togo",2020-05-27,258,349,440,9,395,13,"8.619543","0.824782"
"Togo",2020-05-28,267,361,455,9,422,13,"8.619543","0.824782"
"Togo",2020-05-29,276,374,472,9,428,13,"8.619543","0.824782"
"Togo",2020-05-30,286,387,488,9,433,13,"8.619543","0.824782"
"Togo",2020-05-31,296,401,506,10,442,13,"8.619543","0.824782"
"Togo",2020-06-01,307,415,523,10,443,13,"8.619543","0.824782"
"Togo",2020-06-02,317,429,541,11,445,13,"8.619543","0.824782"
"Togo",2020-06-03,328,444,560,11,452,13,"8.619543","0.824782"
"Togo",2020-06-04,340,460,580,11,465,13,"8.619543","0.824782"
"Togo",2020-06-05,352,476,600,12,485,13,"8.619543","0.824782"
"Togo",2020-06-06,364,492,620,12,487,13,"8.619543","0.824782"
"Togo",2020-06-07,376,509,642,12,495,13,"8.619543","0.824782"
"Togo",2020-06-08,390,527,664,13,497,13,"8.619543","0.824782"
"Togo",2020-06-09,404,546,688,13,501,13,"8.619543","0.824782"
"Togo",2020-06-10,418,565,712,14,522,13,"8.619543","0.824782"
"Togo",2020-06-11,432,584,736,14,524,13,"8.619543","0.824782"
"Togo",2020-06-12,447,605,763,15,525,13,"8.619543","0.824782"
"Togo",2020-06-13,463,626,789,15,530,13,"8.619543","0.824782"
"Togo",2020-06-14,479,648,817,16,NA,NA,"8.619543","0.824782"
"Togo",2020-06-15,496,671,846,16,NA,NA,"8.619543","0.824782"
"Togo",2020-06-16,513,694,875,17,NA,NA,"8.619543","0.824782"
"Togo",2020-06-17,531,718,905,18,NA,NA,"8.619543","0.824782"
"Togo",2020-06-18,549,743,937,18,NA,NA,"8.619543","0.824782"
"Togo",2020-06-19,568,769,970,19,NA,NA,"8.619543","0.824782"
"Togo",2020-06-20,588,796,1004,20,NA,NA,"8.619543","0.824782"
