"country","dias","otimista","casos_estimados","pessimista","estimativa_mortes","casos_confirmados","mortes_confirmadas","latitude","longitude"
"Burkina.Faso",2019-12-30,1,1,1,0,0,NA,"12.238333","0"
"Burkina.Faso",2019-12-31,1,1,1,0,0,NA,"12.238333","0"
"Burkina.Faso",2020-01-01,1,1,1,0,0,NA,"12.238333","0"
"Burkina.Faso",2020-01-02,1,1,1,0,0,NA,"12.238333","0"
"Burkina.Faso",2020-01-03,1,1,1,0,0,NA,"12.238333","0"
"Burkina.Faso",2020-01-04,1,1,1,0,0,NA,"12.238333","0"
"Burkina.Faso",2020-01-05,1,1,1,0,0,NA,"12.238333","0"
"Burkina.Faso",2020-01-06,1,1,1,0,0,NA,"12.238333","0"
"Burkina.Faso",2020-01-07,1,1,1,0,0,NA,"12.238333","0"
"Burkina.Faso",2020-01-08,1,1,1,0,0,NA,"12.238333","0"
"Burkina.Faso",2020-01-09,1,1,1,0,0,NA,"12.238333","0"
"Burkina.Faso",2020-01-10,1,1,1,0,0,NA,"12.238333","0"
"Burkina.Faso",2020-01-11,1,1,1,0,0,NA,"12.238333","0"
"Burkina.Faso",2020-01-12,1,1,1,0,0,NA,"12.238333","0"
"Burkina.Faso",2020-01-13,1,1,1,0,0,NA,"12.238333","0"
"Burkina.Faso",2020-01-14,1,2,3,0,0,NA,"12.238333","0"
"Burkina.Faso",2020-01-15,1,2,3,0,0,NA,"12.238333","0"
"Burkina.Faso",2020-01-16,1,2,3,0,0,NA,"12.238333","0"
"Burkina.Faso",2020-01-17,1,2,3,0,0,NA,"12.238333","0"
"Burkina.Faso",2020-01-18,1,2,3,0,0,NA,"12.238333","0"
"Burkina.Faso",2020-01-19,1,2,3,0,0,NA,"12.238333","0"
"Burkina.Faso",2020-01-20,1,2,3,0,0,NA,"12.238333","0"
"Burkina.Faso",2020-01-21,1,2,3,0,0,NA,"12.238333","0"
"Burkina.Faso",2020-01-22,2,3,4,0,0,NA,"12.238333","0"
"Burkina.Faso",2020-01-23,2,3,4,0,0,NA,"12.238333","0"
"Burkina.Faso",2020-01-24,2,3,4,0,0,NA,"12.238333","0"
"Burkina.Faso",2020-01-25,2,3,4,0,0,NA,"12.238333","0"
"Burkina.Faso",2020-01-26,2,3,4,0,0,NA,"12.238333","0"
"Burkina.Faso",2020-01-27,2,4,6,0,0,NA,"12.238333","0"
"Burkina.Faso",2020-01-28,2,4,6,0,0,NA,"12.238333","0"
"Burkina.Faso",2020-01-29,2,4,6,0,0,NA,"12.238333","0"
"Burkina.Faso",2020-01-30,2,4,6,0,0,NA,"12.238333","0"
"Burkina.Faso",2020-01-31,3,5,7,0,0,NA,"12.238333","0"
"Burkina.Faso",2020-02-01,3,5,7,0,0,NA,"12.238333","0"
"Burkina.Faso",2020-02-02,3,5,7,0,0,NA,"12.238333","0"
"Burkina.Faso",2020-02-03,4,6,8,0,0,NA,"12.238333","0"
"Burkina.Faso",2020-02-04,4,6,8,0,0,NA,"12.238333","0"
"Burkina.Faso",2020-02-05,4,6,8,0,0,NA,"12.238333","0"
"Burkina.Faso",2020-02-06,4,7,10,0,0,NA,"12.238333","0"
"Burkina.Faso",2020-02-07,4,7,10,0,0,NA,"12.238333","0"
"Burkina.Faso",2020-02-08,5,8,11,1,0,NA,"12.238333","0"
"Burkina.Faso",2020-02-09,5,8,11,1,0,NA,"12.238333","0"
"Burkina.Faso",2020-02-10,5,9,13,1,0,NA,"12.238333","0"
"Burkina.Faso",2020-02-11,5,9,13,1,0,NA,"12.238333","0"
"Burkina.Faso",2020-02-12,6,10,14,1,0,NA,"12.238333","0"
"Burkina.Faso",2020-02-13,6,10,14,1,0,NA,"12.238333","0"
"Burkina.Faso",2020-02-14,7,11,15,1,0,NA,"12.238333","0"
"Burkina.Faso",2020-02-15,7,12,17,1,0,NA,"12.238333","0"
"Burkina.Faso",2020-02-16,8,13,18,1,0,NA,"12.238333","0"
"Burkina.Faso",2020-02-17,8,13,18,1,0,NA,"12.238333","0"
"Burkina.Faso",2020-02-18,8,14,20,1,0,NA,"12.238333","0"
"Burkina.Faso",2020-02-19,9,15,21,1,0,NA,"12.238333","0"
"Burkina.Faso",2020-02-20,10,16,22,1,0,NA,"12.238333","0"
"Burkina.Faso",2020-02-21,10,17,24,1,0,NA,"12.238333","0"
"Burkina.Faso",2020-02-22,11,18,25,1,0,NA,"12.238333","0"
"Burkina.Faso",2020-02-23,12,20,28,1,0,NA,"12.238333","0"
"Burkina.Faso",2020-02-24,12,21,30,1,0,NA,"12.238333","0"
"Burkina.Faso",2020-02-25,13,22,31,1,0,NA,"12.238333","0"
"Burkina.Faso",2020-02-26,14,24,34,2,0,NA,"12.238333","0"
"Burkina.Faso",2020-02-27,15,25,35,2,0,NA,"12.238333","0"
"Burkina.Faso",2020-02-28,16,27,38,2,0,NA,"12.238333","0"
"Burkina.Faso",2020-02-29,17,28,39,2,0,NA,"12.238333","0"
"Burkina.Faso",2020-03-01,18,30,42,2,0,NA,"12.238333","0"
"Burkina.Faso",2020-03-02,19,32,45,2,0,NA,"12.238333","0"
"Burkina.Faso",2020-03-03,20,34,48,2,0,NA,"12.238333","0"
"Burkina.Faso",2020-03-04,22,37,52,2,0,NA,"12.238333","0"
"Burkina.Faso",2020-03-05,23,39,55,3,0,NA,"12.238333","0"
"Burkina.Faso",2020-03-06,25,42,59,3,0,NA,"12.238333","0"
"Burkina.Faso",2020-03-07,26,44,62,3,0,NA,"12.238333","0"
"Burkina.Faso",2020-03-08,28,47,66,3,0,NA,"12.238333","0"
"Burkina.Faso",2020-03-09,30,50,70,3,0,0,"12.238333","0"
"Burkina.Faso",2020-03-10,32,54,76,4,2,0,"12.238333","0"
"Burkina.Faso",2020-03-11,34,57,80,4,2,NA,"12.238333","0"
"Burkina.Faso",2020-03-12,36,61,86,4,0,NA,"12.238333","0"
"Burkina.Faso",2020-03-13,39,65,91,4,0,0,"12.238333","0"
"Burkina.Faso",2020-03-14,41,69,97,5,3,0,"12.238333","0"
"Burkina.Faso",2020-03-15,43,73,103,5,3,0,"12.238333","0"
"Burkina.Faso",2020-03-16,46,78,110,5,20,0,"12.238333","0"
"Burkina.Faso",2020-03-17,49,83,117,5,20,1,"12.238333","0"
"Burkina.Faso",2020-03-18,53,89,125,6,26,1,"12.238333","0"
"Burkina.Faso",2020-03-19,56,95,134,6,33,1,"12.238333","0"
"Burkina.Faso",2020-03-20,60,101,142,7,40,3,"12.238333","0"
"Burkina.Faso",2020-03-21,64,107,150,7,64,3,"12.238333","0"
"Burkina.Faso",2020-03-22,68,114,160,7,64,3,"12.238333","0"
"Burkina.Faso",2020-03-23,72,122,172,8,75,3,"12.238333","0"
"Burkina.Faso",2020-03-24,77,130,183,9,99,3,"12.238333","0"
"Burkina.Faso",2020-03-25,82,138,194,9,114,3,"12.238333","0"
"Burkina.Faso",2020-03-26,87,147,207,10,146,3,"12.238333","0"
"Burkina.Faso",2020-03-27,93,157,221,10,146,9,"12.238333","0"
"Burkina.Faso",2020-03-28,99,167,235,11,180,9,"12.238333","0"
"Burkina.Faso",2020-03-29,106,178,250,12,180,12,"12.238333","0"
"Burkina.Faso",2020-03-30,113,190,267,12,222,12,"12.238333","0"
"Burkina.Faso",2020-03-31,120,202,284,13,246,14,"12.238333","0"
"Burkina.Faso",2020-04-01,128,215,302,14,261,16,"12.238333","0"
"Burkina.Faso",2020-04-02,136,229,322,15,288,16,"12.238333","0"
"Burkina.Faso",2020-04-03,145,244,343,16,288,16,"12.238333","0"
"Burkina.Faso",2020-04-04,154,260,366,17,302,17,"12.238333","0"
"Burkina.Faso",2020-04-05,165,277,389,18,345,17,"12.238333","0"
"Burkina.Faso",2020-04-06,175,295,415,19,364,19,"12.238333","0"
"Burkina.Faso",2020-04-07,187,314,441,21,384,23,"12.238333","0"
"Burkina.Faso",2020-04-08,199,335,471,22,414,24,"12.238333","0"
"Burkina.Faso",2020-04-09,212,357,502,23,443,26,"12.238333","0"
"Burkina.Faso",2020-04-10,226,380,534,25,448,27,"12.238333","0"
"Burkina.Faso",2020-04-11,241,405,569,26,484,27,"12.238333","0"
"Burkina.Faso",2020-04-12,256,431,606,28,497,28,"12.238333","0"
"Burkina.Faso",2020-04-13,273,459,645,30,515,30,"12.238333","0"
"Burkina.Faso",2020-04-14,290,489,688,32,528,32,"12.238333","0"
"Burkina.Faso",2020-04-15,310,521,732,34,542,32,"12.238333","0"
"Burkina.Faso",2020-04-16,330,555,780,36,543,35,"12.238333","0"
"Burkina.Faso",2020-04-17,351,591,831,39,557,36,"12.238333","0"
"Burkina.Faso",2020-04-18,374,630,886,41,565,36,"12.238333","0"
"Burkina.Faso",2020-04-19,399,671,943,44,576,38,"12.238333","0"
"Burkina.Faso",2020-04-20,424,714,1004,47,581,38,"12.238333","0"
"Burkina.Faso",2020-04-21,452,761,1070,50,NA,NA,"12.238333","0"
"Burkina.Faso",2020-04-22,481,810,1139,53,NA,NA,"12.238333","0"
"Burkina.Faso",2020-04-23,513,863,1213,56,NA,NA,"12.238333","0"
"Burkina.Faso",2020-04-24,547,920,1293,60,NA,NA,"12.238333","0"
"Burkina.Faso",2020-04-25,582,980,1378,64,NA,NA,"12.238333","0"
"Burkina.Faso",2020-04-26,620,1043,1466,68,NA,NA,"12.238333","0"
"Burkina.Faso",2020-04-27,661,1112,1563,73,NA,NA,"12.238333","0"
