"country","dias","otimista","casos_estimados","pessimista","estimativa_mortes","casos_confirmados","mortes_confirmadas","latitude","longitude"
"Congo",2019-12-30,3,4,5,0,0,NA,"0","21.758664"
"Congo",2019-12-31,3,4,5,0,0,NA,"0","21.758664"
"Congo",2020-01-01,3,4,5,0,0,NA,"0","21.758664"
"Congo",2020-01-02,3,4,5,0,0,NA,"0","21.758664"
"Congo",2020-01-03,4,5,6,0,0,NA,"0","21.758664"
"Congo",2020-01-04,4,5,6,0,0,NA,"0","21.758664"
"Congo",2020-01-05,4,5,6,0,0,NA,"0","21.758664"
"Congo",2020-01-06,4,5,6,0,0,NA,"0","21.758664"
"Congo",2020-01-07,4,5,6,0,0,NA,"0","21.758664"
"Congo",2020-01-08,4,5,6,0,0,NA,"0","21.758664"
"Congo",2020-01-09,5,6,7,0,0,NA,"0","21.758664"
"Congo",2020-01-10,5,6,7,0,0,NA,"0","21.758664"
"Congo",2020-01-11,5,6,7,0,0,NA,"0","21.758664"
"Congo",2020-01-12,5,6,7,0,0,NA,"0","21.758664"
"Congo",2020-01-13,5,6,7,0,0,NA,"0","21.758664"
"Congo",2020-01-14,5,7,9,0,0,NA,"0","21.758664"
"Congo",2020-01-15,5,7,9,0,0,NA,"0","21.758664"
"Congo",2020-01-16,5,7,9,0,0,NA,"0","21.758664"
"Congo",2020-01-17,5,7,9,0,0,NA,"0","21.758664"
"Congo",2020-01-18,5,7,9,0,0,NA,"0","21.758664"
"Congo",2020-01-19,6,8,10,0,0,NA,"0","21.758664"
"Congo",2020-01-20,6,8,10,0,0,NA,"0","21.758664"
"Congo",2020-01-21,6,8,10,0,0,NA,"0","21.758664"
"Congo",2020-01-22,6,8,10,0,0,NA,"0","21.758664"
"Congo",2020-01-23,7,9,11,0,0,NA,"0","21.758664"
"Congo",2020-01-24,7,9,11,0,0,NA,"0","21.758664"
"Congo",2020-01-25,7,9,11,0,0,NA,"0","21.758664"
"Congo",2020-01-26,8,10,12,0,0,NA,"0","21.758664"
"Congo",2020-01-27,8,10,12,0,0,NA,"0","21.758664"
"Congo",2020-01-28,8,10,12,0,0,NA,"0","21.758664"
"Congo",2020-01-29,8,11,14,0,0,NA,"0","21.758664"
"Congo",2020-01-30,8,11,14,0,0,NA,"0","21.758664"
"Congo",2020-01-31,8,11,14,0,0,NA,"0","21.758664"
"Congo",2020-02-01,9,12,15,0,0,NA,"0","21.758664"
"Congo",2020-02-02,9,12,15,0,0,NA,"0","21.758664"
"Congo",2020-02-03,9,12,15,0,0,NA,"0","21.758664"
"Congo",2020-02-04,10,13,16,0,0,NA,"0","21.758664"
"Congo",2020-02-05,10,13,16,0,0,NA,"0","21.758664"
"Congo",2020-02-06,11,14,17,0,0,NA,"0","21.758664"
"Congo",2020-02-07,11,14,17,0,0,NA,"0","21.758664"
"Congo",2020-02-08,11,15,19,0,0,NA,"0","21.758664"
"Congo",2020-02-09,11,15,19,0,0,NA,"0","21.758664"
"Congo",2020-02-10,12,16,20,1,0,NA,"0","21.758664"
"Congo",2020-02-11,12,16,20,1,0,NA,"0","21.758664"
"Congo",2020-02-12,13,17,21,1,0,NA,"0","21.758664"
"Congo",2020-02-13,13,17,21,1,0,NA,"0","21.758664"
"Congo",2020-02-14,14,18,22,1,0,NA,"0","21.758664"
"Congo",2020-02-15,14,18,22,1,0,NA,"0","21.758664"
"Congo",2020-02-16,14,19,24,1,0,NA,"0","21.758664"
"Congo",2020-02-17,15,20,25,1,0,NA,"0","21.758664"
"Congo",2020-02-18,15,20,25,1,0,NA,"0","21.758664"
"Congo",2020-02-19,16,21,26,1,0,NA,"0","21.758664"
"Congo",2020-02-20,17,22,27,1,0,NA,"0","21.758664"
"Congo",2020-02-21,17,22,27,1,0,NA,"0","21.758664"
"Congo",2020-02-22,17,23,29,1,0,NA,"0","21.758664"
"Congo",2020-02-23,18,24,30,1,0,NA,"0","21.758664"
"Congo",2020-02-24,18,24,30,1,0,NA,"0","21.758664"
"Congo",2020-02-25,19,25,31,1,0,NA,"0","21.758664"
"Congo",2020-02-26,20,26,32,1,0,NA,"0","21.758664"
"Congo",2020-02-27,20,27,34,1,0,NA,"0","21.758664"
"Congo",2020-02-28,21,28,35,1,0,NA,"0","21.758664"
"Congo",2020-02-29,22,29,36,1,0,NA,"0","21.758664"
"Congo",2020-03-01,23,30,37,1,0,NA,"0","21.758664"
"Congo",2020-03-02,23,31,39,1,0,NA,"0","21.758664"
"Congo",2020-03-03,24,32,40,1,0,NA,"0","21.758664"
"Congo",2020-03-04,25,33,41,1,0,NA,"0","21.758664"
"Congo",2020-03-05,26,34,42,1,0,NA,"0","21.758664"
"Congo",2020-03-06,27,35,43,1,0,NA,"0","21.758664"
"Congo",2020-03-07,27,36,45,1,0,NA,"0","21.758664"
"Congo",2020-03-08,28,37,46,1,0,NA,"0","21.758664"
"Congo",2020-03-09,29,38,47,1,0,NA,"0","21.758664"
"Congo",2020-03-10,30,40,50,1,0,NA,"0","21.758664"
"Congo",2020-03-11,31,41,51,1,0,NA,"0","21.758664"
"Congo",2020-03-12,32,42,52,1,0,NA,"0","21.758664"
"Congo",2020-03-13,33,44,55,1,0,NA,"0","21.758664"
"Congo",2020-03-14,34,45,56,1,0,0,"0","21.758664"
"Congo",2020-03-15,36,47,58,2,1,0,"0","21.758664"
"Congo",2020-03-16,36,48,60,2,1,0,"0","21.758664"
"Congo",2020-03-17,38,50,62,2,1,0,"0","21.758664"
"Congo",2020-03-18,39,51,63,2,3,0,"0","21.758664"
"Congo",2020-03-19,40,53,66,2,3,0,"0","21.758664"
"Congo",2020-03-20,42,55,68,2,3,0,"0","21.758664"
"Congo",2020-03-21,43,57,71,2,4,0,"0","21.758664"
"Congo",2020-03-22,45,59,73,2,4,0,"0","21.758664"
"Congo",2020-03-23,45,60,75,2,4,0,"0","21.758664"
"Congo",2020-03-24,47,62,77,2,4,0,"0","21.758664"
"Congo",2020-03-25,49,65,81,2,4,0,"0","21.758664"
"Congo",2020-03-26,51,67,83,2,4,0,"0","21.758664"
"Congo",2020-03-27,52,69,86,2,4,0,"0","21.758664"
"Congo",2020-03-28,54,71,88,2,19,0,"0","21.758664"
"Congo",2020-03-29,55,73,91,2,19,0,"0","21.758664"
"Congo",2020-03-30,58,76,94,3,19,2,"0","21.758664"
"Congo",2020-03-31,59,78,97,3,22,2,"0","21.758664"
"Congo",2020-04-01,61,81,101,3,22,3,"0","21.758664"
"Congo",2020-04-02,64,84,104,3,41,3,"0","21.758664"
"Congo",2020-04-03,65,86,107,3,41,5,"0","21.758664"
"Congo",2020-04-04,67,89,111,3,45,5,"0","21.758664"
"Congo",2020-04-05,70,92,114,3,45,5,"0","21.758664"
"Congo",2020-04-06,72,95,118,3,45,5,"0","21.758664"
"Congo",2020-04-07,74,98,122,3,45,5,"0","21.758664"
"Congo",2020-04-08,77,101,125,3,60,5,"0","21.758664"
"Congo",2020-04-09,80,105,130,3,60,5,"0","21.758664"
"Congo",2020-04-10,82,108,134,4,60,5,"0","21.758664"
"Congo",2020-04-11,85,112,139,4,60,5,"0","21.758664"
"Congo",2020-04-12,87,115,143,4,70,5,"0","21.758664"
"Congo",2020-04-13,90,119,148,4,70,5,"0","21.758664"
"Congo",2020-04-14,93,123,153,4,74,5,"0","21.758664"
"Congo",2020-04-15,96,127,158,4,117,5,"0","21.758664"
"Congo",2020-04-16,99,131,163,4,117,6,"0","21.758664"
"Congo",2020-04-17,102,135,168,4,143,6,"0","21.758664"
"Congo",2020-04-18,106,140,174,5,143,6,"0","21.758664"
"Congo",2020-04-19,110,145,180,5,160,6,"0","21.758664"
"Congo",2020-04-20,113,149,185,5,160,6,"0","21.758664"
"Congo",2020-04-21,117,154,191,5,165,6,"0","21.758664"
"Congo",2020-04-22,121,159,197,5,186,6,"0","21.758664"
"Congo",2020-04-23,124,164,204,5,186,6,"0","21.758664"
"Congo",2020-04-24,129,170,211,6,200,8,"0","21.758664"
"Congo",2020-04-25,133,175,217,6,200,8,"0","21.758664"
"Congo",2020-04-26,137,181,225,6,200,8,"0","21.758664"
"Congo",2020-04-27,142,187,232,6,207,8,"0","21.758664"
"Congo",2020-04-28,146,193,240,6,207,9,"0","21.758664"
"Congo",2020-04-29,152,200,248,7,220,9,"0","21.758664"
"Congo",2020-04-30,156,206,256,7,220,10,"0","21.758664"
"Congo",2020-05-01,161,213,265,7,229,10,"0","21.758664"
"Congo",2020-05-02,167,220,273,7,229,10,"0","21.758664"
"Congo",2020-05-03,172,227,282,7,229,10,"0","21.758664"
"Congo",2020-05-04,178,235,292,8,236,10,"0","21.758664"
"Congo",2020-05-05,183,242,301,8,236,10,"0","21.758664"
"Congo",2020-05-06,190,250,310,8,264,10,"0","21.758664"
"Congo",2020-05-07,196,258,320,9,274,10,"0","21.758664"
"Congo",2020-05-08,202,267,332,9,287,10,"0","21.758664"
"Congo",2020-05-09,209,276,343,9,287,10,"0","21.758664"
"Congo",2020-05-10,216,285,354,9,287,11,"0","21.758664"
"Congo",2020-05-11,223,294,365,10,333,11,"0","21.758664"
"Congo",2020-05-12,230,304,378,10,333,11,"0","21.758664"
"Congo",2020-05-13,238,314,390,10,341,15,"0","21.758664"
"Congo",2020-05-14,246,324,402,11,391,15,"0","21.758664"
"Congo",2020-05-15,253,334,415,11,391,15,"0","21.758664"
"Congo",2020-05-16,262,345,428,11,412,15,"0","21.758664"
"Congo",2020-05-17,271,357,443,12,412,15,"0","21.758664"
"Congo",2020-05-18,279,368,457,12,412,15,"0","21.758664"
"Congo",2020-05-19,289,381,473,13,420,15,"0","21.758664"
"Congo",2020-05-20,298,393,488,13,420,16,"0","21.758664"
"Congo",2020-05-21,308,406,504,13,469,16,"0","21.758664"
"Congo",2020-05-22,318,419,520,14,469,16,"0","21.758664"
"Congo",2020-05-23,328,433,538,14,487,16,"0","21.758664"
"Congo",2020-05-24,339,447,555,15,487,17,"0","21.758664"
"Congo",2020-05-25,350,462,574,15,531,19,"0","21.758664"
"Congo",2020-05-26,362,477,592,16,569,19,"0","21.758664"
"Congo",2020-05-27,374,493,612,16,571,19,"0","21.758664"
"Congo",2020-05-28,386,509,632,17,571,19,"0","21.758664"
"Congo",2020-05-29,398,525,652,17,587,19,"0","21.758664"
"Congo",2020-05-30,412,543,674,18,587,20,"0","21.758664"
"Congo",2020-05-31,424,560,696,18,611,20,"0","21.758664"
"Congo",2020-06-01,439,579,719,19,611,20,"0","21.758664"
"Congo",2020-06-02,453,598,743,20,611,20,"0","21.758664"
"Congo",2020-06-03,468,617,766,20,618,20,"0","21.758664"
"Congo",2020-06-04,484,638,792,21,635,20,"0","21.758664"
"Congo",2020-06-05,500,659,818,22,639,22,"0","21.758664"
"Congo",2020-06-06,515,680,845,22,683,22,"0","21.758664"
"Congo",2020-06-07,532,702,872,23,683,22,"0","21.758664"
"Congo",2020-06-08,550,726,902,24,683,24,"0","21.758664"
"Congo",2020-06-09,568,749,930,25,728,25,"0","21.758664"
"Congo",2020-06-10,587,774,961,26,745,25,"0","21.758664"
"Congo",2020-06-11,606,799,992,26,745,25,"0","21.758664"
"Congo",2020-06-12,625,825,1025,27,745,25,"0","21.758664"
"Congo",2020-06-13,647,853,1059,28,779,24,"0","21.758664"
"Congo",2020-06-14,667,880,1093,29,728,24,"0","21.758664"
"Congo",2020-06-15,689,909,1129,30,NA,NA,"0","21.758664"
"Congo",2020-06-16,712,939,1166,31,NA,NA,"0","21.758664"
"Congo",2020-06-17,735,970,1205,32,NA,NA,"0","21.758664"
"Congo",2020-06-18,760,1002,1244,33,NA,NA,"0","21.758664"
"Congo",2020-06-19,785,1035,1285,34,NA,NA,"0","21.758664"
"Congo",2020-06-20,810,1069,1328,35,NA,NA,"0","21.758664"
"Congo",2020-06-21,837,1104,1371,36,NA,NA,"0","21.758664"
