"country","dias","otimista","casos_estimados","pessimista","estimativa_mortes","casos_confirmados","mortes_confirmadas","latitude","longitude"
"Lebanon",2019-12-30,32,45,58,1,0,0,"33.854721","35.862285"
"Lebanon",2019-12-31,33,46,59,1,0,0,"33.854721","35.862285"
"Lebanon",2020-01-01,33,47,61,1,0,0,"33.854721","35.862285"
"Lebanon",2020-01-02,34,48,62,1,0,0,"33.854721","35.862285"
"Lebanon",2020-01-03,35,49,63,1,0,0,"33.854721","35.862285"
"Lebanon",2020-01-04,36,50,64,1,0,0,"33.854721","35.862285"
"Lebanon",2020-01-05,36,51,66,1,0,0,"33.854721","35.862285"
"Lebanon",2020-01-06,37,52,67,1,0,0,"33.854721","35.862285"
"Lebanon",2020-01-07,38,53,68,1,0,0,"33.854721","35.862285"
"Lebanon",2020-01-08,39,55,71,1,0,0,"33.854721","35.862285"
"Lebanon",2020-01-09,40,56,72,1,0,0,"33.854721","35.862285"
"Lebanon",2020-01-10,41,57,73,1,0,0,"33.854721","35.862285"
"Lebanon",2020-01-11,41,58,75,1,0,0,"33.854721","35.862285"
"Lebanon",2020-01-12,43,60,77,1,0,0,"33.854721","35.862285"
"Lebanon",2020-01-13,43,61,79,1,0,0,"33.854721","35.862285"
"Lebanon",2020-01-14,44,62,80,1,0,0,"33.854721","35.862285"
"Lebanon",2020-01-15,46,64,82,1,0,0,"33.854721","35.862285"
"Lebanon",2020-01-16,46,65,84,1,0,0,"33.854721","35.862285"
"Lebanon",2020-01-17,47,66,85,1,0,0,"33.854721","35.862285"
"Lebanon",2020-01-18,48,68,88,2,0,0,"33.854721","35.862285"
"Lebanon",2020-01-19,49,69,89,2,0,0,"33.854721","35.862285"
"Lebanon",2020-01-20,51,71,91,2,0,0,"33.854721","35.862285"
"Lebanon",2020-01-21,52,73,94,2,0,0,"33.854721","35.862285"
"Lebanon",2020-01-22,53,74,95,2,0,0,"33.854721","35.862285"
"Lebanon",2020-01-23,54,76,98,2,0,0,"33.854721","35.862285"
"Lebanon",2020-01-24,55,77,99,2,0,0,"33.854721","35.862285"
"Lebanon",2020-01-25,56,79,102,2,0,0,"33.854721","35.862285"
"Lebanon",2020-01-26,58,81,104,2,0,0,"33.854721","35.862285"
"Lebanon",2020-01-27,59,83,107,2,0,0,"33.854721","35.862285"
"Lebanon",2020-01-28,60,84,108,2,0,0,"33.854721","35.862285"
"Lebanon",2020-01-29,61,86,111,2,0,0,"33.854721","35.862285"
"Lebanon",2020-01-30,63,88,113,2,0,0,"33.854721","35.862285"
"Lebanon",2020-01-31,64,90,116,2,0,0,"33.854721","35.862285"
"Lebanon",2020-02-01,65,92,119,2,0,0,"33.854721","35.862285"
"Lebanon",2020-02-02,67,94,121,2,0,0,"33.854721","35.862285"
"Lebanon",2020-02-03,68,96,124,2,0,0,"33.854721","35.862285"
"Lebanon",2020-02-04,70,98,126,2,0,0,"33.854721","35.862285"
"Lebanon",2020-02-05,72,101,130,2,0,0,"33.854721","35.862285"
"Lebanon",2020-02-06,73,103,133,2,0,0,"33.854721","35.862285"
"Lebanon",2020-02-07,75,105,135,2,0,0,"33.854721","35.862285"
"Lebanon",2020-02-08,76,107,138,2,0,0,"33.854721","35.862285"
"Lebanon",2020-02-09,78,110,142,2,0,0,"33.854721","35.862285"
"Lebanon",2020-02-10,80,112,144,2,0,0,"33.854721","35.862285"
"Lebanon",2020-02-11,82,115,148,3,0,0,"33.854721","35.862285"
"Lebanon",2020-02-12,83,117,151,3,0,0,"33.854721","35.862285"
"Lebanon",2020-02-13,85,120,155,3,0,0,"33.854721","35.862285"
"Lebanon",2020-02-14,87,122,157,3,0,0,"33.854721","35.862285"
"Lebanon",2020-02-15,89,125,161,3,0,0,"33.854721","35.862285"
"Lebanon",2020-02-16,91,128,165,3,0,0,"33.854721","35.862285"
"Lebanon",2020-02-17,93,131,169,3,0,0,"33.854721","35.862285"
"Lebanon",2020-02-18,95,134,173,3,0,0,"33.854721","35.862285"
"Lebanon",2020-02-19,97,137,177,3,0,0,"33.854721","35.862285"
"Lebanon",2020-02-20,100,140,180,3,0,0,"33.854721","35.862285"
"Lebanon",2020-02-21,102,143,184,3,1,0,"33.854721","35.862285"
"Lebanon",2020-02-22,104,146,188,3,1,0,"33.854721","35.862285"
"Lebanon",2020-02-23,106,149,192,3,1,0,"33.854721","35.862285"
"Lebanon",2020-02-24,108,152,196,3,1,0,"33.854721","35.862285"
"Lebanon",2020-02-25,111,156,201,3,1,0,"33.854721","35.862285"
"Lebanon",2020-02-26,113,159,205,4,2,0,"33.854721","35.862285"
"Lebanon",2020-02-27,116,163,210,4,3,0,"33.854721","35.862285"
"Lebanon",2020-02-28,118,166,214,4,3,0,"33.854721","35.862285"
"Lebanon",2020-02-29,121,170,219,4,4,0,"33.854721","35.862285"
"Lebanon",2020-03-01,124,174,224,4,10,0,"33.854721","35.862285"
"Lebanon",2020-03-02,127,178,229,4,13,NA,"33.854721","35.862285"
"Lebanon",2020-03-03,129,181,233,4,0,NA,"33.854721","35.862285"
"Lebanon",2020-03-04,132,185,238,4,0,0,"33.854721","35.862285"
"Lebanon",2020-03-05,135,190,245,4,16,0,"33.854721","35.862285"
"Lebanon",2020-03-06,138,194,250,4,22,NA,"33.854721","35.862285"
"Lebanon",2020-03-07,141,198,255,4,0,0,"33.854721","35.862285"
"Lebanon",2020-03-08,144,202,260,4,32,0,"33.854721","35.862285"
"Lebanon",2020-03-09,147,207,267,5,41,1,"33.854721","35.862285"
"Lebanon",2020-03-10,150,211,272,5,41,2,"33.854721","35.862285"
"Lebanon",2020-03-11,154,216,278,5,61,2,"33.854721","35.862285"
"Lebanon",2020-03-12,157,221,285,5,66,NA,"33.854721","35.862285"
"Lebanon",2020-03-13,161,226,291,5,0,3,"33.854721","35.862285"
"Lebanon",2020-03-14,164,231,298,5,93,3,"33.854721","35.862285"
"Lebanon",2020-03-15,168,236,304,5,99,3,"33.854721","35.862285"
"Lebanon",2020-03-16,172,241,310,5,120,3,"33.854721","35.862285"
"Lebanon",2020-03-17,175,246,317,5,120,4,"33.854721","35.862285"
"Lebanon",2020-03-18,179,252,325,6,133,4,"33.854721","35.862285"
"Lebanon",2020-03-19,183,257,331,6,149,4,"33.854721","35.862285"
"Lebanon",2020-03-20,187,263,339,6,163,4,"33.854721","35.862285"
"Lebanon",2020-03-21,191,269,347,6,230,4,"33.854721","35.862285"
"Lebanon",2020-03-22,196,275,354,6,248,4,"33.854721","35.862285"
"Lebanon",2020-03-23,200,281,362,6,267,4,"33.854721","35.862285"
"Lebanon",2020-03-24,204,287,370,6,304,4,"33.854721","35.862285"
"Lebanon",2020-03-25,209,293,377,7,333,6,"33.854721","35.862285"
"Lebanon",2020-03-26,213,300,387,7,368,7,"33.854721","35.862285"
"Lebanon",2020-03-27,218,307,396,7,391,8,"33.854721","35.862285"
"Lebanon",2020-03-28,223,313,403,7,412,10,"33.854721","35.862285"
"Lebanon",2020-03-29,228,320,412,7,438,11,"33.854721","35.862285"
"Lebanon",2020-03-30,233,327,421,7,446,12,"33.854721","35.862285"
"Lebanon",2020-03-31,238,335,432,7,463,12,"33.854721","35.862285"
"Lebanon",2020-04-01,243,342,441,8,479,16,"33.854721","35.862285"
"Lebanon",2020-04-02,248,349,450,8,494,16,"33.854721","35.862285"
"Lebanon",2020-04-03,254,357,460,8,494,17,"33.854721","35.862285"
"Lebanon",2020-04-04,260,365,470,8,520,18,"33.854721","35.862285"
"Lebanon",2020-04-05,265,373,481,8,527,19,"33.854721","35.862285"
"Lebanon",2020-04-06,271,381,491,8,541,19,"33.854721","35.862285"
"Lebanon",2020-04-07,278,390,502,9,548,19,"33.854721","35.862285"
"Lebanon",2020-04-08,283,398,513,9,575,19,"33.854721","35.862285"
"Lebanon",2020-04-09,290,407,524,9,582,20,"33.854721","35.862285"
"Lebanon",2020-04-10,296,416,536,9,609,20,"33.854721","35.862285"
"Lebanon",2020-04-11,302,425,548,9,619,20,"33.854721","35.862285"
"Lebanon",2020-04-12,310,435,560,10,630,20,"33.854721","35.862285"
"Lebanon",2020-04-13,316,444,572,10,632,21,"33.854721","35.862285"
"Lebanon",2020-04-14,323,454,585,10,641,21,"33.854721","35.862285"
"Lebanon",2020-04-15,330,464,598,10,658,21,"33.854721","35.862285"
"Lebanon",2020-04-16,338,475,612,11,663,21,"33.854721","35.862285"
"Lebanon",2020-04-17,345,485,625,11,668,21,"33.854721","35.862285"
"Lebanon",2020-04-18,353,496,639,11,672,21,"33.854721","35.862285"
"Lebanon",2020-04-19,361,507,653,11,673,21,"33.854721","35.862285"
"Lebanon",2020-04-20,369,518,667,12,677,21,"33.854721","35.862285"
"Lebanon",2020-04-21,376,529,682,12,677,22,"33.854721","35.862285"
"Lebanon",2020-04-22,385,541,697,12,682,22,"33.854721","35.862285"
"Lebanon",2020-04-23,394,553,712,12,688,22,"33.854721","35.862285"
"Lebanon",2020-04-24,402,565,728,13,696,24,"33.854721","35.862285"
"Lebanon",2020-04-25,411,578,745,13,704,24,"33.854721","35.862285"
"Lebanon",2020-04-26,420,590,760,13,707,24,"33.854721","35.862285"
"Lebanon",2020-04-27,429,603,777,13,710,24,"33.854721","35.862285"
"Lebanon",2020-04-28,439,617,795,14,717,24,"33.854721","35.862285"
"Lebanon",2020-04-29,448,630,812,14,721,24,"33.854721","35.862285"
"Lebanon",2020-04-30,458,644,830,14,725,24,"33.854721","35.862285"
"Lebanon",2020-05-01,469,659,849,15,729,25,"33.854721","35.862285"
"Lebanon",2020-05-02,479,673,867,15,733,25,"33.854721","35.862285"
"Lebanon",2020-05-03,490,688,886,15,737,25,"33.854721","35.862285"
"Lebanon",2020-05-04,500,703,906,16,740,25,"33.854721","35.862285"
"Lebanon",2020-05-05,512,719,926,16,741,25,"33.854721","35.862285"
"Lebanon",2020-05-06,523,735,947,16,750,25,"33.854721","35.862285"
"Lebanon",2020-05-07,534,751,968,17,784,26,"33.854721","35.862285"
"Lebanon",2020-05-08,546,767,988,17,796,26,"33.854721","35.862285"
"Lebanon",2020-05-09,558,784,1010,17,809,26,"33.854721","35.862285"
"Lebanon",2020-05-10,571,802,1033,18,845,26,"33.854721","35.862285"
"Lebanon",2020-05-11,583,819,1055,18,859,26,"33.854721","35.862285"
"Lebanon",2020-05-12,596,837,1078,19,870,26,"33.854721","35.862285"
"Lebanon",2020-05-13,609,856,1103,19,878,26,"33.854721","35.862285"
"Lebanon",2020-05-14,623,875,1127,19,886,26,"33.854721","35.862285"
"Lebanon",2020-05-15,636,894,1152,20,891,26,"33.854721","35.862285"
"Lebanon",2020-05-16,650,914,1178,20,902,26,"33.854721","35.862285"
"Lebanon",2020-05-17,665,934,1203,21,911,26,"33.854721","35.862285"
"Lebanon",2020-05-18,680,955,1230,21,931,26,"33.854721","35.862285"
"Lebanon",2020-05-19,695,976,1257,22,954,26,"33.854721","35.862285"
"Lebanon",2020-05-20,710,997,1284,22,961,26,"33.854721","35.862285"
"Lebanon",2020-05-21,725,1019,1313,23,1024,26,"33.854721","35.862285"
"Lebanon",2020-05-22,742,1042,1342,23,1086,26,"33.854721","35.862285"
"Lebanon",2020-05-23,758,1065,1372,24,1097,26,"33.854721","35.862285"
"Lebanon",2020-05-24,774,1088,1402,24,1114,26,"33.854721","35.862285"
"Lebanon",2020-05-25,791,1112,1433,25,1119,26,"33.854721","35.862285"
"Lebanon",2020-05-26,809,1137,1465,25,1140,26,"33.854721","35.862285"
"Lebanon",2020-05-27,827,1162,1497,26,1161,26,"33.854721","35.862285"
"Lebanon",2020-05-28,845,1188,1531,26,1168,26,"33.854721","35.862285"
"Lebanon",2020-05-29,864,1214,1564,27,1172,26,"33.854721","35.862285"
"Lebanon",2020-05-30,883,1241,1599,28,1191,27,"33.854721","35.862285"
"Lebanon",2020-05-31,902,1268,1634,28,1220,27,"33.854721","35.862285"
"Lebanon",2020-06-01,922,1296,1670,29,1233,27,"33.854721","35.862285"
"Lebanon",2020-06-02,943,1325,1707,29,1242,27,"33.854721","35.862285"
"Lebanon",2020-06-03,964,1354,1744,30,1256,28,"33.854721","35.862285"
"Lebanon",2020-06-04,985,1384,1783,31,1306,28,"33.854721","35.862285"
"Lebanon",2020-06-05,1006,1414,1822,31,1312,29,"33.854721","35.862285"
"Lebanon",2020-06-06,1029,1446,1863,32,1320,30,"33.854721","35.862285"
"Lebanon",2020-06-07,1052,1478,1904,33,1331,30,"33.854721","35.862285"
"Lebanon",2020-06-08,1075,1510,1945,34,1350,30,"33.854721","35.862285"
"Lebanon",2020-06-09,1099,1544,1989,34,NA,NA,"33.854721","35.862285"
"Lebanon",2020-06-10,1123,1578,2033,35,NA,NA,"33.854721","35.862285"
"Lebanon",2020-06-11,1148,1613,2078,36,NA,NA,"33.854721","35.862285"
"Lebanon",2020-06-12,1173,1648,2123,37,NA,NA,"33.854721","35.862285"
"Lebanon",2020-06-13,1199,1685,2171,37,NA,NA,"33.854721","35.862285"
"Lebanon",2020-06-14,1225,1722,2219,38,NA,NA,"33.854721","35.862285"
"Lebanon",2020-06-15,1253,1760,2267,39,NA,NA,"33.854721","35.862285"
