"country","dias","otimista","casos_estimados","pessimista","estimativa_mortes","casos_confirmados","mortes_confirmadas","latitude","longitude"
"Taiwan",2019-12-30,30,53,76,1,0,0,"23.69781","120.960515"
"Taiwan",2019-12-31,30,53,76,1,0,0,"23.69781","120.960515"
"Taiwan",2020-01-01,30,54,78,1,0,0,"23.69781","120.960515"
"Taiwan",2020-01-02,31,55,79,1,0,0,"23.69781","120.960515"
"Taiwan",2020-01-03,31,56,81,1,0,0,"23.69781","120.960515"
"Taiwan",2020-01-04,32,57,82,1,0,0,"23.69781","120.960515"
"Taiwan",2020-01-05,32,57,82,1,0,0,"23.69781","120.960515"
"Taiwan",2020-01-06,33,58,83,1,0,0,"23.69781","120.960515"
"Taiwan",2020-01-07,33,59,85,1,0,0,"23.69781","120.960515"
"Taiwan",2020-01-08,34,60,86,1,0,0,"23.69781","120.960515"
"Taiwan",2020-01-09,34,61,88,1,0,0,"23.69781","120.960515"
"Taiwan",2020-01-10,35,62,89,1,0,0,"23.69781","120.960515"
"Taiwan",2020-01-11,35,63,91,1,0,0,"23.69781","120.960515"
"Taiwan",2020-01-12,36,64,92,1,0,0,"23.69781","120.960515"
"Taiwan",2020-01-13,36,65,94,1,0,0,"23.69781","120.960515"
"Taiwan",2020-01-14,37,66,95,1,0,0,"23.69781","120.960515"
"Taiwan",2020-01-15,38,67,96,1,0,0,"23.69781","120.960515"
"Taiwan",2020-01-16,38,68,98,1,0,0,"23.69781","120.960515"
"Taiwan",2020-01-17,39,69,99,1,0,0,"23.69781","120.960515"
"Taiwan",2020-01-18,39,70,101,1,0,0,"23.69781","120.960515"
"Taiwan",2020-01-19,40,71,102,1,0,0,"23.69781","120.960515"
"Taiwan",2020-01-20,40,72,104,1,1,0,"23.69781","120.960515"
"Taiwan",2020-01-21,41,73,105,1,1,0,"23.69781","120.960515"
"Taiwan",2020-01-22,41,74,107,1,1,0,"23.69781","120.960515"
"Taiwan",2020-01-23,42,75,108,1,1,0,"23.69781","120.960515"
"Taiwan",2020-01-24,43,76,109,1,3,0,"23.69781","120.960515"
"Taiwan",2020-01-25,43,77,111,1,3,0,"23.69781","120.960515"
"Taiwan",2020-01-26,44,78,112,1,5,0,"23.69781","120.960515"
"Taiwan",2020-01-27,45,80,115,1,7,0,"23.69781","120.960515"
"Taiwan",2020-01-28,45,81,117,1,8,0,"23.69781","120.960515"
"Taiwan",2020-01-29,46,82,118,1,8,0,"23.69781","120.960515"
"Taiwan",2020-01-30,47,83,119,1,9,0,"23.69781","120.960515"
"Taiwan",2020-01-31,47,84,121,1,10,0,"23.69781","120.960515"
"Taiwan",2020-02-01,48,86,124,1,10,0,"23.69781","120.960515"
"Taiwan",2020-02-02,49,87,125,1,10,0,"23.69781","120.960515"
"Taiwan",2020-02-03,49,88,127,1,10,0,"23.69781","120.960515"
"Taiwan",2020-02-04,50,90,130,1,11,0,"23.69781","120.960515"
"Taiwan",2020-02-05,51,91,131,1,11,0,"23.69781","120.960515"
"Taiwan",2020-02-06,52,92,132,1,16,0,"23.69781","120.960515"
"Taiwan",2020-02-07,53,94,135,1,17,0,"23.69781","120.960515"
"Taiwan",2020-02-08,53,95,137,2,18,0,"23.69781","120.960515"
"Taiwan",2020-02-09,54,96,138,2,18,0,"23.69781","120.960515"
"Taiwan",2020-02-10,55,98,141,2,18,0,"23.69781","120.960515"
"Taiwan",2020-02-11,56,99,142,2,18,0,"23.69781","120.960515"
"Taiwan",2020-02-12,57,101,145,2,18,0,"23.69781","120.960515"
"Taiwan",2020-02-13,57,102,147,2,18,0,"23.69781","120.960515"
"Taiwan",2020-02-14,58,104,150,2,18,0,"23.69781","120.960515"
"Taiwan",2020-02-15,59,105,151,2,18,1,"23.69781","120.960515"
"Taiwan",2020-02-16,60,107,154,2,20,1,"23.69781","120.960515"
"Taiwan",2020-02-17,61,109,157,2,22,1,"23.69781","120.960515"
"Taiwan",2020-02-18,62,110,158,2,22,1,"23.69781","120.960515"
"Taiwan",2020-02-19,63,112,161,2,24,1,"23.69781","120.960515"
"Taiwan",2020-02-20,64,114,164,2,24,1,"23.69781","120.960515"
"Taiwan",2020-02-21,64,115,166,2,26,1,"23.69781","120.960515"
"Taiwan",2020-02-22,66,117,168,2,26,1,"23.69781","120.960515"
"Taiwan",2020-02-23,67,119,171,2,28,1,"23.69781","120.960515"
"Taiwan",2020-02-24,67,120,173,2,30,1,"23.69781","120.960515"
"Taiwan",2020-02-25,68,122,176,2,31,1,"23.69781","120.960515"
"Taiwan",2020-02-26,70,124,178,2,32,1,"23.69781","120.960515"
"Taiwan",2020-02-27,71,126,181,2,34,1,"23.69781","120.960515"
"Taiwan",2020-02-28,72,128,184,2,39,1,"23.69781","120.960515"
"Taiwan",2020-02-29,73,130,187,2,40,1,"23.69781","120.960515"
"Taiwan",2020-03-01,74,132,190,2,40,1,"23.69781","120.960515"
"Taiwan",2020-03-02,75,134,193,2,41,1,"23.69781","120.960515"
"Taiwan",2020-03-03,76,136,196,2,42,NA,"23.69781","120.960515"
"Taiwan",2020-03-04,77,138,199,2,0,1,"23.69781","120.960515"
"Taiwan",2020-03-05,79,140,201,2,44,1,"23.69781","120.960515"
"Taiwan",2020-03-06,80,142,204,2,45,1,"23.69781","120.960515"
"Taiwan",2020-03-07,81,144,207,2,45,1,"23.69781","120.960515"
"Taiwan",2020-03-08,82,146,210,2,45,NA,"23.69781","120.960515"
"Taiwan",2020-03-09,83,148,213,2,0,1,"23.69781","120.960515"
"Taiwan",2020-03-10,84,150,216,2,48,1,"23.69781","120.960515"
"Taiwan",2020-03-11,86,153,220,2,48,1,"23.69781","120.960515"
"Taiwan",2020-03-12,87,155,223,2,49,1,"23.69781","120.960515"
"Taiwan",2020-03-13,88,157,226,2,53,1,"23.69781","120.960515"
"Taiwan",2020-03-14,90,160,230,3,59,1,"23.69781","120.960515"
"Taiwan",2020-03-15,91,162,233,3,59,1,"23.69781","120.960515"
"Taiwan",2020-03-16,92,164,236,3,67,1,"23.69781","120.960515"
"Taiwan",2020-03-17,94,167,240,3,77,1,"23.69781","120.960515"
"Taiwan",2020-03-18,95,169,243,3,108,1,"23.69781","120.960515"
"Taiwan",2020-03-19,96,172,248,3,108,2,"23.69781","120.960515"
"Taiwan",2020-03-20,98,174,250,3,135,2,"23.69781","120.960515"
"Taiwan",2020-03-21,99,177,255,3,153,2,"23.69781","120.960515"
"Taiwan",2020-03-22,101,180,259,3,165,2,"23.69781","120.960515"
"Taiwan",2020-03-23,102,182,262,3,195,2,"23.69781","120.960515"
"Taiwan",2020-03-24,104,185,266,3,216,2,"23.69781","120.960515"
"Taiwan",2020-03-25,105,188,271,3,235,2,"23.69781","120.960515"
"Taiwan",2020-03-26,107,191,275,3,252,2,"23.69781","120.960515"
"Taiwan",2020-03-27,108,193,278,3,267,2,"23.69781","120.960515"
"Taiwan",2020-03-28,110,196,282,3,283,5,"23.69781","120.960515"
"Taiwan",2020-03-29,112,199,286,3,306,5,"23.69781","120.960515"
"Taiwan",2020-03-30,113,202,291,3,306,5,"23.69781","120.960515"
"Taiwan",2020-03-31,115,205,295,3,322,5,"23.69781","120.960515"
"Taiwan",2020-04-01,117,208,299,3,339,5,"23.69781","120.960515"
"Taiwan",2020-04-02,118,211,304,3,339,5,"23.69781","120.960515"
"Taiwan",2020-04-03,121,215,309,3,355,5,"23.69781","120.960515"
"Taiwan",2020-04-04,122,218,314,3,363,5,"23.69781","120.960515"
"Taiwan",2020-04-05,124,221,318,3,363,5,"23.69781","120.960515"
"Taiwan",2020-04-06,126,224,322,4,373,5,"23.69781","120.960515"
"Taiwan",2020-04-07,128,228,328,4,376,5,"23.69781","120.960515"
"Taiwan",2020-04-08,130,231,332,4,379,5,"23.69781","120.960515"
"Taiwan",2020-04-09,131,234,337,4,380,5,"23.69781","120.960515"
"Taiwan",2020-04-10,133,238,343,4,380,6,"23.69781","120.960515"
"Taiwan",2020-04-11,136,242,348,4,385,6,"23.69781","120.960515"
"Taiwan",2020-04-12,137,245,353,4,388,6,"23.69781","120.960515"
"Taiwan",2020-04-13,140,249,358,4,393,6,"23.69781","120.960515"
"Taiwan",2020-04-14,141,252,363,4,395,6,"23.69781","120.960515"
"Taiwan",2020-04-15,144,256,368,4,395,6,"23.69781","120.960515"
"Taiwan",2020-04-16,146,260,374,4,395,6,"23.69781","120.960515"
"Taiwan",2020-04-17,148,264,380,4,395,6,"23.69781","120.960515"
"Taiwan",2020-04-18,150,268,386,4,398,6,"23.69781","120.960515"
"Taiwan",2020-04-19,153,272,391,4,420,6,"23.69781","120.960515"
"Taiwan",2020-04-20,155,276,397,4,422,6,"23.69781","120.960515"
"Taiwan",2020-04-21,157,280,403,4,425,6,"23.69781","120.960515"
"Taiwan",2020-04-22,159,284,409,4,426,6,"23.69781","120.960515"
"Taiwan",2020-04-23,161,288,415,5,427,6,"23.69781","120.960515"
"Taiwan",2020-04-24,164,293,422,5,428,6,"23.69781","120.960515"
"Taiwan",2020-04-25,167,297,427,5,429,6,"23.69781","120.960515"
"Taiwan",2020-04-26,169,302,435,5,429,6,"23.69781","120.960515"
"Taiwan",2020-04-27,172,306,440,5,429,6,"23.69781","120.960515"
"Taiwan",2020-04-28,174,311,448,5,429,6,"23.69781","120.960515"
"Taiwan",2020-04-29,177,315,453,5,429,6,"23.69781","120.960515"
"Taiwan",2020-04-30,179,320,461,5,429,6,"23.69781","120.960515"
"Taiwan",2020-05-01,182,325,468,5,429,6,"23.69781","120.960515"
"Taiwan",2020-05-02,185,330,475,5,432,6,"23.69781","120.960515"
"Taiwan",2020-05-03,187,334,481,5,436,6,"23.69781","120.960515"
"Taiwan",2020-05-04,190,339,488,5,438,6,"23.69781","120.960515"
"Taiwan",2020-05-05,193,345,497,5,438,6,"23.69781","120.960515"
"Taiwan",2020-05-06,196,350,504,6,439,6,"23.69781","120.960515"
"Taiwan",2020-05-07,199,355,511,6,440,6,"23.69781","120.960515"
"Taiwan",2020-05-08,202,360,518,6,440,6,"23.69781","120.960515"
"Taiwan",2020-05-09,205,366,527,6,440,6,"23.69781","120.960515"
"Taiwan",2020-05-10,208,371,534,6,440,7,"23.69781","120.960515"
"Taiwan",2020-05-11,211,377,543,6,440,7,"23.69781","120.960515"
"Taiwan",2020-05-12,214,382,550,6,440,7,"23.69781","120.960515"
"Taiwan",2020-05-13,218,388,558,6,440,7,"23.69781","120.960515"
"Taiwan",2020-05-14,221,394,567,6,440,7,"23.69781","120.960515"
"Taiwan",2020-05-15,224,399,574,6,440,7,"23.69781","120.960515"
"Taiwan",2020-05-16,227,405,583,6,440,7,"23.69781","120.960515"
"Taiwan",2020-05-17,231,412,593,7,440,7,"23.69781","120.960515"
"Taiwan",2020-05-18,234,418,602,7,440,7,"23.69781","120.960515"
"Taiwan",2020-05-19,238,424,610,7,440,7,"23.69781","120.960515"
"Taiwan",2020-05-20,241,430,619,7,441,7,"23.69781","120.960515"
"Taiwan",2020-05-21,245,437,629,7,441,7,"23.69781","120.960515"
"Taiwan",2020-05-22,248,443,638,7,441,7,"23.69781","120.960515"
"Taiwan",2020-05-23,252,450,648,7,441,7,"23.69781","120.960515"
"Taiwan",2020-05-24,256,456,656,7,441,7,"23.69781","120.960515"
"Taiwan",2020-05-25,260,463,666,7,441,7,"23.69781","120.960515"
"Taiwan",2020-05-26,264,470,676,7,441,7,"23.69781","120.960515"
"Taiwan",2020-05-27,267,477,687,8,441,7,"23.69781","120.960515"
"Taiwan",2020-05-28,271,484,697,8,441,7,"23.69781","120.960515"
"Taiwan",2020-05-29,275,491,707,8,442,7,"23.69781","120.960515"
"Taiwan",2020-05-30,280,499,718,8,442,7,"23.69781","120.960515"
"Taiwan",2020-05-31,284,506,728,8,442,7,"23.69781","120.960515"
"Taiwan",2020-06-01,288,514,740,8,443,7,"23.69781","120.960515"
"Taiwan",2020-06-02,292,521,750,8,443,7,"23.69781","120.960515"
"Taiwan",2020-06-03,297,529,761,8,443,7,"23.69781","120.960515"
"Taiwan",2020-06-04,301,537,773,8,443,7,"23.69781","120.960515"
"Taiwan",2020-06-05,306,545,784,9,443,7,"23.69781","120.960515"
"Taiwan",2020-06-06,310,553,796,9,443,7,"23.69781","120.960515"
"Taiwan",2020-06-07,315,562,809,9,443,7,"23.69781","120.960515"
"Taiwan",2020-06-08,320,570,820,9,443,7,"23.69781","120.960515"
"Taiwan",2020-06-09,324,578,832,9,443,7,"23.69781","120.960515"
"Taiwan",2020-06-10,329,587,845,9,443,7,"23.69781","120.960515"
"Taiwan",2020-06-11,334,596,858,9,443,7,"23.69781","120.960515"
"Taiwan",2020-06-12,339,605,871,10,443,7,"23.69781","120.960515"
"Taiwan",2020-06-13,344,614,884,10,NA,NA,"23.69781","120.960515"
"Taiwan",2020-06-14,349,623,897,10,NA,NA,"23.69781","120.960515"
"Taiwan",2020-06-15,354,632,910,10,NA,NA,"23.69781","120.960515"
"Taiwan",2020-06-16,360,642,924,10,NA,NA,"23.69781","120.960515"
"Taiwan",2020-06-17,365,651,937,10,NA,NA,"23.69781","120.960515"
"Taiwan",2020-06-18,371,661,951,10,NA,NA,"23.69781","120.960515"
"Taiwan",2020-06-19,376,671,966,11,NA,NA,"23.69781","120.960515"
