"country","dias","otimista","casos_estimados","pessimista","estimativa_mortes","casos_confirmados","mortes_confirmadas","latitude","longitude"
"Trinidad.and.Tobago",2019-12-30,0,0,0,0,0,NA,"10.691803","0"
"Trinidad.and.Tobago",2019-12-31,0,0,0,0,0,NA,"10.691803","0"
"Trinidad.and.Tobago",2020-01-01,0,0,0,0,0,NA,"10.691803","0"
"Trinidad.and.Tobago",2020-01-02,0,0,0,0,0,NA,"10.691803","0"
"Trinidad.and.Tobago",2020-01-03,0,0,0,0,0,NA,"10.691803","0"
"Trinidad.and.Tobago",2020-01-04,0,0,0,0,0,NA,"10.691803","0"
"Trinidad.and.Tobago",2020-01-05,0,0,0,0,0,NA,"10.691803","0"
"Trinidad.and.Tobago",2020-01-06,0,0,0,0,0,NA,"10.691803","0"
"Trinidad.and.Tobago",2020-01-07,0,0,0,0,0,NA,"10.691803","0"
"Trinidad.and.Tobago",2020-01-08,0,0,0,0,0,NA,"10.691803","0"
"Trinidad.and.Tobago",2020-01-09,0,0,0,0,0,NA,"10.691803","0"
"Trinidad.and.Tobago",2020-01-10,0,0,0,0,0,NA,"10.691803","0"
"Trinidad.and.Tobago",2020-01-11,0,0,0,0,0,NA,"10.691803","0"
"Trinidad.and.Tobago",2020-01-12,0,0,0,0,0,NA,"10.691803","0"
"Trinidad.and.Tobago",2020-01-13,0,0,0,0,0,NA,"10.691803","0"
"Trinidad.and.Tobago",2020-01-14,0,0,0,0,0,NA,"10.691803","0"
"Trinidad.and.Tobago",2020-01-15,0,0,0,0,0,NA,"10.691803","0"
"Trinidad.and.Tobago",2020-01-16,0,0,0,0,0,NA,"10.691803","0"
"Trinidad.and.Tobago",2020-01-17,0,0,0,0,0,NA,"10.691803","0"
"Trinidad.and.Tobago",2020-01-18,0,0,0,0,0,NA,"10.691803","0"
"Trinidad.and.Tobago",2020-01-19,0,0,0,0,0,NA,"10.691803","0"
"Trinidad.and.Tobago",2020-01-20,0,0,0,0,0,NA,"10.691803","0"
"Trinidad.and.Tobago",2020-01-21,0,0,0,0,0,NA,"10.691803","0"
"Trinidad.and.Tobago",2020-01-22,0,0,0,0,0,NA,"10.691803","0"
"Trinidad.and.Tobago",2020-01-23,0,1,2,0,0,NA,"10.691803","0"
"Trinidad.and.Tobago",2020-01-24,0,1,2,0,0,NA,"10.691803","0"
"Trinidad.and.Tobago",2020-01-25,0,1,2,0,0,NA,"10.691803","0"
"Trinidad.and.Tobago",2020-01-26,0,1,2,0,0,NA,"10.691803","0"
"Trinidad.and.Tobago",2020-01-27,0,1,2,0,0,NA,"10.691803","0"
"Trinidad.and.Tobago",2020-01-28,0,1,2,0,0,NA,"10.691803","0"
"Trinidad.and.Tobago",2020-01-29,0,1,2,0,0,NA,"10.691803","0"
"Trinidad.and.Tobago",2020-01-30,0,1,2,0,0,NA,"10.691803","0"
"Trinidad.and.Tobago",2020-01-31,0,1,2,0,0,NA,"10.691803","0"
"Trinidad.and.Tobago",2020-02-01,0,1,2,0,0,NA,"10.691803","0"
"Trinidad.and.Tobago",2020-02-02,0,1,2,0,0,NA,"10.691803","0"
"Trinidad.and.Tobago",2020-02-03,0,1,2,0,0,NA,"10.691803","0"
"Trinidad.and.Tobago",2020-02-04,0,1,2,0,0,NA,"10.691803","0"
"Trinidad.and.Tobago",2020-02-05,0,1,2,0,0,NA,"10.691803","0"
"Trinidad.and.Tobago",2020-02-06,0,1,2,0,0,NA,"10.691803","0"
"Trinidad.and.Tobago",2020-02-07,0,1,2,0,0,NA,"10.691803","0"
"Trinidad.and.Tobago",2020-02-08,1,2,3,0,0,NA,"10.691803","0"
"Trinidad.and.Tobago",2020-02-09,1,2,3,0,0,NA,"10.691803","0"
"Trinidad.and.Tobago",2020-02-10,1,2,3,0,0,NA,"10.691803","0"
"Trinidad.and.Tobago",2020-02-11,1,2,3,0,0,NA,"10.691803","0"
"Trinidad.and.Tobago",2020-02-12,1,2,3,0,0,NA,"10.691803","0"
"Trinidad.and.Tobago",2020-02-13,1,2,3,0,0,NA,"10.691803","0"
"Trinidad.and.Tobago",2020-02-14,1,2,3,0,0,NA,"10.691803","0"
"Trinidad.and.Tobago",2020-02-15,1,3,5,0,0,NA,"10.691803","0"
"Trinidad.and.Tobago",2020-02-16,1,3,5,0,0,NA,"10.691803","0"
"Trinidad.and.Tobago",2020-02-17,1,3,5,0,0,NA,"10.691803","0"
"Trinidad.and.Tobago",2020-02-18,1,3,5,0,0,NA,"10.691803","0"
"Trinidad.and.Tobago",2020-02-19,2,4,6,0,0,NA,"10.691803","0"
"Trinidad.and.Tobago",2020-02-20,2,4,6,0,0,NA,"10.691803","0"
"Trinidad.and.Tobago",2020-02-21,2,4,6,0,0,NA,"10.691803","0"
"Trinidad.and.Tobago",2020-02-22,2,4,6,0,0,NA,"10.691803","0"
"Trinidad.and.Tobago",2020-02-23,2,5,8,0,0,NA,"10.691803","0"
"Trinidad.and.Tobago",2020-02-24,2,5,8,0,0,NA,"10.691803","0"
"Trinidad.and.Tobago",2020-02-25,2,5,8,0,0,NA,"10.691803","0"
"Trinidad.and.Tobago",2020-02-26,2,6,10,0,0,NA,"10.691803","0"
"Trinidad.and.Tobago",2020-02-27,2,6,10,0,0,NA,"10.691803","0"
"Trinidad.and.Tobago",2020-02-28,3,7,11,1,0,NA,"10.691803","0"
"Trinidad.and.Tobago",2020-02-29,3,7,11,1,0,NA,"10.691803","0"
"Trinidad.and.Tobago",2020-03-01,3,8,13,1,0,NA,"10.691803","0"
"Trinidad.and.Tobago",2020-03-02,3,8,13,1,0,NA,"10.691803","0"
"Trinidad.and.Tobago",2020-03-03,4,9,14,1,0,NA,"10.691803","0"
"Trinidad.and.Tobago",2020-03-04,4,10,16,1,0,NA,"10.691803","0"
"Trinidad.and.Tobago",2020-03-05,4,10,16,1,0,NA,"10.691803","0"
"Trinidad.and.Tobago",2020-03-06,5,11,17,1,0,NA,"10.691803","0"
"Trinidad.and.Tobago",2020-03-07,5,12,19,1,0,NA,"10.691803","0"
"Trinidad.and.Tobago",2020-03-08,5,13,21,1,0,NA,"10.691803","0"
"Trinidad.and.Tobago",2020-03-09,6,14,22,1,0,NA,"10.691803","0"
"Trinidad.and.Tobago",2020-03-10,6,15,24,1,0,NA,"10.691803","0"
"Trinidad.and.Tobago",2020-03-11,7,16,25,1,0,0,"10.691803","0"
"Trinidad.and.Tobago",2020-03-12,7,17,27,1,1,0,"10.691803","0"
"Trinidad.and.Tobago",2020-03-13,8,19,30,1,2,0,"10.691803","0"
"Trinidad.and.Tobago",2020-03-14,8,20,32,1,2,0,"10.691803","0"
"Trinidad.and.Tobago",2020-03-15,9,21,33,2,4,0,"10.691803","0"
"Trinidad.and.Tobago",2020-03-16,9,23,37,2,5,0,"10.691803","0"
"Trinidad.and.Tobago",2020-03-17,10,25,40,2,7,0,"10.691803","0"
"Trinidad.and.Tobago",2020-03-18,11,27,43,2,9,0,"10.691803","0"
"Trinidad.and.Tobago",2020-03-19,12,29,46,2,9,0,"10.691803","0"
"Trinidad.and.Tobago",2020-03-20,13,31,49,2,9,0,"10.691803","0"
"Trinidad.and.Tobago",2020-03-21,14,33,52,2,49,0,"10.691803","0"
"Trinidad.and.Tobago",2020-03-22,14,35,56,3,50,0,"10.691803","0"
"Trinidad.and.Tobago",2020-03-23,16,38,60,3,51,0,"10.691803","0"
"Trinidad.and.Tobago",2020-03-24,17,41,65,3,57,1,"10.691803","0"
"Trinidad.and.Tobago",2020-03-25,18,44,70,3,60,1,"10.691803","0"
"Trinidad.and.Tobago",2020-03-26,19,47,75,3,65,2,"10.691803","0"
"Trinidad.and.Tobago",2020-03-27,21,51,81,4,66,2,"10.691803","0"
"Trinidad.and.Tobago",2020-03-28,23,55,87,4,74,3,"10.691803","0"
"Trinidad.and.Tobago",2020-03-29,24,59,94,4,78,3,"10.691803","0"
"Trinidad.and.Tobago",2020-03-30,26,63,100,5,85,3,"10.691803","0"
"Trinidad.and.Tobago",2020-03-31,28,68,108,5,87,5,"10.691803","0"
"Trinidad.and.Tobago",2020-04-01,30,73,116,5,89,6,"10.691803","0"
"Trinidad.and.Tobago",2020-04-02,32,78,124,6,97,6,"10.691803","0"
"Trinidad.and.Tobago",2020-04-03,35,84,133,6,100,6,"10.691803","0"
"Trinidad.and.Tobago",2020-04-04,37,91,145,7,103,7,"10.691803","0"
"Trinidad.and.Tobago",2020-04-05,40,97,154,7,104,8,"10.691803","0"
"Trinidad.and.Tobago",2020-04-06,43,105,167,8,105,8,"10.691803","0"
"Trinidad.and.Tobago",2020-04-07,46,113,180,8,107,8,"10.691803","0"
"Trinidad.and.Tobago",2020-04-08,50,121,192,9,107,8,"10.691803","0"
"Trinidad.and.Tobago",2020-04-09,53,130,207,10,109,8,"10.691803","0"
"Trinidad.and.Tobago",2020-04-10,58,140,222,10,109,8,"10.691803","0"
"Trinidad.and.Tobago",2020-04-11,62,150,238,11,NA,NA,"10.691803","0"
"Trinidad.and.Tobago",2020-04-12,66,161,256,12,NA,NA,"10.691803","0"
"Trinidad.and.Tobago",2020-04-13,71,173,275,13,NA,NA,"10.691803","0"
"Trinidad.and.Tobago",2020-04-14,77,186,295,14,NA,NA,"10.691803","0"
"Trinidad.and.Tobago",2020-04-15,82,200,318,15,NA,NA,"10.691803","0"
"Trinidad.and.Tobago",2020-04-16,88,215,342,16,NA,NA,"10.691803","0"
"Trinidad.and.Tobago",2020-04-17,95,231,367,17,NA,NA,"10.691803","0"
