"country","dias","otimista","casos_estimados","pessimista","estimativa_mortes","casos_confirmados","mortes_confirmadas","latitude","longitude"
"Congo",2019-12-30,1,1,1,0,0,NA,"0","21.758664"
"Congo",2019-12-31,1,1,1,0,0,NA,"0","21.758664"
"Congo",2020-01-01,1,1,1,0,0,NA,"0","21.758664"
"Congo",2020-01-02,1,1,1,0,0,NA,"0","21.758664"
"Congo",2020-01-03,1,1,1,0,0,NA,"0","21.758664"
"Congo",2020-01-04,1,1,1,0,0,NA,"0","21.758664"
"Congo",2020-01-05,1,1,1,0,0,NA,"0","21.758664"
"Congo",2020-01-06,1,1,1,0,0,NA,"0","21.758664"
"Congo",2020-01-07,1,1,1,0,0,NA,"0","21.758664"
"Congo",2020-01-08,1,1,1,0,0,NA,"0","21.758664"
"Congo",2020-01-09,1,1,1,0,0,NA,"0","21.758664"
"Congo",2020-01-10,1,2,3,0,0,NA,"0","21.758664"
"Congo",2020-01-11,1,2,3,0,0,NA,"0","21.758664"
"Congo",2020-01-12,1,2,3,0,0,NA,"0","21.758664"
"Congo",2020-01-13,1,2,3,0,0,NA,"0","21.758664"
"Congo",2020-01-14,1,2,3,0,0,NA,"0","21.758664"
"Congo",2020-01-15,1,2,3,0,0,NA,"0","21.758664"
"Congo",2020-01-16,1,2,3,0,0,NA,"0","21.758664"
"Congo",2020-01-17,1,2,3,0,0,NA,"0","21.758664"
"Congo",2020-01-18,1,2,3,0,0,NA,"0","21.758664"
"Congo",2020-01-19,1,2,3,0,0,NA,"0","21.758664"
"Congo",2020-01-20,1,2,3,0,0,NA,"0","21.758664"
"Congo",2020-01-21,2,3,4,0,0,NA,"0","21.758664"
"Congo",2020-01-22,2,3,4,0,0,NA,"0","21.758664"
"Congo",2020-01-23,2,3,4,0,0,NA,"0","21.758664"
"Congo",2020-01-24,2,3,4,0,0,NA,"0","21.758664"
"Congo",2020-01-25,2,3,4,0,0,NA,"0","21.758664"
"Congo",2020-01-26,2,3,4,0,0,NA,"0","21.758664"
"Congo",2020-01-27,2,3,4,0,0,NA,"0","21.758664"
"Congo",2020-01-28,2,3,4,0,0,NA,"0","21.758664"
"Congo",2020-01-29,3,4,5,0,0,NA,"0","21.758664"
"Congo",2020-01-30,3,4,5,0,0,NA,"0","21.758664"
"Congo",2020-01-31,3,4,5,0,0,NA,"0","21.758664"
"Congo",2020-02-01,3,4,5,0,0,NA,"0","21.758664"
"Congo",2020-02-02,3,4,5,0,0,NA,"0","21.758664"
"Congo",2020-02-03,3,4,5,0,0,NA,"0","21.758664"
"Congo",2020-02-04,4,5,6,0,0,NA,"0","21.758664"
"Congo",2020-02-05,4,5,6,0,0,NA,"0","21.758664"
"Congo",2020-02-06,4,5,6,0,0,NA,"0","21.758664"
"Congo",2020-02-07,4,5,6,0,0,NA,"0","21.758664"
"Congo",2020-02-08,4,5,6,0,0,NA,"0","21.758664"
"Congo",2020-02-09,4,6,8,0,0,NA,"0","21.758664"
"Congo",2020-02-10,4,6,8,0,0,NA,"0","21.758664"
"Congo",2020-02-11,4,6,8,0,0,NA,"0","21.758664"
"Congo",2020-02-12,5,7,9,0,0,NA,"0","21.758664"
"Congo",2020-02-13,5,7,9,0,0,NA,"0","21.758664"
"Congo",2020-02-14,5,7,9,0,0,NA,"0","21.758664"
"Congo",2020-02-15,5,7,9,0,0,NA,"0","21.758664"
"Congo",2020-02-16,6,8,10,0,0,NA,"0","21.758664"
"Congo",2020-02-17,6,8,10,0,0,NA,"0","21.758664"
"Congo",2020-02-18,6,8,10,0,0,NA,"0","21.758664"
"Congo",2020-02-19,7,9,11,0,0,NA,"0","21.758664"
"Congo",2020-02-20,7,9,11,0,0,NA,"0","21.758664"
"Congo",2020-02-21,7,10,13,0,0,NA,"0","21.758664"
"Congo",2020-02-22,7,10,13,0,0,NA,"0","21.758664"
"Congo",2020-02-23,8,11,14,0,0,NA,"0","21.758664"
"Congo",2020-02-24,8,11,14,0,0,NA,"0","21.758664"
"Congo",2020-02-25,8,11,14,0,0,NA,"0","21.758664"
"Congo",2020-02-26,9,12,15,0,0,NA,"0","21.758664"
"Congo",2020-02-27,10,13,16,0,0,NA,"0","21.758664"
"Congo",2020-02-28,10,13,16,0,0,NA,"0","21.758664"
"Congo",2020-02-29,10,14,18,0,0,NA,"0","21.758664"
"Congo",2020-03-01,10,14,18,0,0,NA,"0","21.758664"
"Congo",2020-03-02,11,15,19,0,0,NA,"0","21.758664"
"Congo",2020-03-03,12,16,20,1,0,NA,"0","21.758664"
"Congo",2020-03-04,12,16,20,1,0,NA,"0","21.758664"
"Congo",2020-03-05,13,17,21,1,0,NA,"0","21.758664"
"Congo",2020-03-06,13,18,23,1,0,NA,"0","21.758664"
"Congo",2020-03-07,14,19,24,1,0,NA,"0","21.758664"
"Congo",2020-03-08,14,19,24,1,0,NA,"0","21.758664"
"Congo",2020-03-09,15,20,25,1,0,NA,"0","21.758664"
"Congo",2020-03-10,16,21,26,1,0,NA,"0","21.758664"
"Congo",2020-03-11,16,22,28,1,0,NA,"0","21.758664"
"Congo",2020-03-12,17,23,29,1,0,NA,"0","21.758664"
"Congo",2020-03-13,18,24,30,1,0,NA,"0","21.758664"
"Congo",2020-03-14,19,25,31,1,0,0,"0","21.758664"
"Congo",2020-03-15,19,26,33,1,1,0,"0","21.758664"
"Congo",2020-03-16,20,27,34,1,1,0,"0","21.758664"
"Congo",2020-03-17,21,29,37,1,1,0,"0","21.758664"
"Congo",2020-03-18,22,30,38,1,3,0,"0","21.758664"
"Congo",2020-03-19,23,31,39,1,3,0,"0","21.758664"
"Congo",2020-03-20,24,33,42,1,3,0,"0","21.758664"
"Congo",2020-03-21,25,34,43,1,4,0,"0","21.758664"
"Congo",2020-03-22,27,36,45,1,4,0,"0","21.758664"
"Congo",2020-03-23,27,37,47,1,4,0,"0","21.758664"
"Congo",2020-03-24,29,39,49,1,4,0,"0","21.758664"
"Congo",2020-03-25,30,41,52,1,4,0,"0","21.758664"
"Congo",2020-03-26,31,42,53,1,4,0,"0","21.758664"
"Congo",2020-03-27,33,44,55,1,4,0,"0","21.758664"
"Congo",2020-03-28,34,46,58,2,19,0,"0","21.758664"
"Congo",2020-03-29,36,48,60,2,19,0,"0","21.758664"
"Congo",2020-03-30,37,50,63,2,19,2,"0","21.758664"
"Congo",2020-03-31,39,53,67,2,22,2,"0","21.758664"
"Congo",2020-04-01,41,55,69,2,22,3,"0","21.758664"
"Congo",2020-04-02,42,57,72,2,41,3,"0","21.758664"
"Congo",2020-04-03,44,60,76,2,41,5,"0","21.758664"
"Congo",2020-04-04,47,63,79,2,45,5,"0","21.758664"
"Congo",2020-04-05,48,65,82,2,45,5,"0","21.758664"
"Congo",2020-04-06,50,68,86,2,45,5,"0","21.758664"
"Congo",2020-04-07,53,71,89,2,45,5,"0","21.758664"
"Congo",2020-04-08,56,75,94,2,60,5,"0","21.758664"
"Congo",2020-04-09,58,78,98,3,60,5,"0","21.758664"
"Congo",2020-04-10,60,81,102,3,60,5,"0","21.758664"
"Congo",2020-04-11,63,85,107,3,60,5,"0","21.758664"
"Congo",2020-04-12,66,89,112,3,70,5,"0","21.758664"
"Congo",2020-04-13,69,93,117,3,70,5,"0","21.758664"
"Congo",2020-04-14,72,97,122,3,74,5,"0","21.758664"
"Congo",2020-04-15,75,101,127,3,117,5,"0","21.758664"
"Congo",2020-04-16,79,106,133,3,117,6,"0","21.758664"
"Congo",2020-04-17,82,110,138,4,143,6,"0","21.758664"
"Congo",2020-04-18,85,115,145,4,143,6,"0","21.758664"
"Congo",2020-04-19,89,120,151,4,160,6,"0","21.758664"
"Congo",2020-04-20,93,126,159,4,160,6,"0","21.758664"
"Congo",2020-04-21,97,131,165,4,165,6,"0","21.758664"
"Congo",2020-04-22,102,137,172,5,186,6,"0","21.758664"
"Congo",2020-04-23,106,143,180,5,186,6,"0","21.758664"
"Congo",2020-04-24,111,150,189,5,200,8,"0","21.758664"
"Congo",2020-04-25,116,156,196,5,200,8,"0","21.758664"
"Congo",2020-04-26,121,163,205,5,200,8,"0","21.758664"
"Congo",2020-04-27,126,170,214,6,207,8,"0","21.758664"
"Congo",2020-04-28,132,178,224,6,207,9,"0","21.758664"
"Congo",2020-04-29,138,186,234,6,220,9,"0","21.758664"
"Congo",2020-04-30,144,194,244,6,220,10,"0","21.758664"
"Congo",2020-05-01,150,203,256,7,229,10,"0","21.758664"
"Congo",2020-05-02,157,212,267,7,229,10,"0","21.758664"
"Congo",2020-05-03,164,221,278,7,229,10,"0","21.758664"
"Congo",2020-05-04,171,231,291,8,236,10,"0","21.758664"
"Congo",2020-05-05,179,241,303,8,236,10,"0","21.758664"
"Congo",2020-05-06,187,252,317,8,264,10,"0","21.758664"
"Congo",2020-05-07,195,263,331,9,274,10,"0","21.758664"
"Congo",2020-05-08,204,275,346,9,287,10,"0","21.758664"
"Congo",2020-05-09,213,287,361,9,287,10,"0","21.758664"
"Congo",2020-05-10,222,300,378,10,287,11,"0","21.758664"
"Congo",2020-05-11,232,313,394,10,333,11,"0","21.758664"
"Congo",2020-05-12,242,327,412,11,333,11,"0","21.758664"
"Congo",2020-05-13,253,342,431,11,341,15,"0","21.758664"
"Congo",2020-05-14,265,357,449,12,391,15,"0","21.758664"
"Congo",2020-05-15,276,373,470,12,391,15,"0","21.758664"
"Congo",2020-05-16,288,389,490,13,412,15,"0","21.758664"
"Congo",2020-05-17,302,407,512,13,412,15,"0","21.758664"
"Congo",2020-05-18,315,425,535,14,412,15,"0","21.758664"
"Congo",2020-05-19,329,444,559,15,420,15,"0","21.758664"
"Congo",2020-05-20,343,463,583,15,420,16,"0","21.758664"
"Congo",2020-05-21,359,484,609,16,469,16,"0","21.758664"
"Congo",2020-05-22,374,505,636,17,469,16,"0","21.758664"
"Congo",2020-05-23,391,528,665,17,487,16,"0","21.758664"
"Congo",2020-05-24,408,551,694,18,NA,NA,"0","21.758664"
"Congo",2020-05-25,427,576,725,19,NA,NA,"0","21.758664"
"Congo",2020-05-26,445,601,757,20,NA,NA,"0","21.758664"
"Congo",2020-05-27,465,628,791,21,NA,NA,"0","21.758664"
"Congo",2020-05-28,486,656,826,22,NA,NA,"0","21.758664"
"Congo",2020-05-29,508,685,862,23,NA,NA,"0","21.758664"
"Congo",2020-05-30,531,716,901,24,NA,NA,"0","21.758664"
