"country","dias","otimista","casos_estimados","pessimista","estimativa_mortes","casos_confirmados","mortes_confirmadas","latitude","longitude"
"Iraq",2019-12-30,21,27,33,1,0,0,"33.223191","43.679291"
"Iraq",2019-12-31,22,28,34,1,0,0,"33.223191","43.679291"
"Iraq",2020-01-01,23,29,35,1,0,0,"33.223191","43.679291"
"Iraq",2020-01-02,24,30,36,1,0,0,"33.223191","43.679291"
"Iraq",2020-01-03,25,31,37,1,0,0,"33.223191","43.679291"
"Iraq",2020-01-04,25,32,39,1,0,0,"33.223191","43.679291"
"Iraq",2020-01-05,26,33,40,1,0,0,"33.223191","43.679291"
"Iraq",2020-01-06,27,34,41,1,0,0,"33.223191","43.679291"
"Iraq",2020-01-07,29,36,43,1,0,0,"33.223191","43.679291"
"Iraq",2020-01-08,29,37,45,1,0,0,"33.223191","43.679291"
"Iraq",2020-01-09,30,38,46,1,0,0,"33.223191","43.679291"
"Iraq",2020-01-10,32,40,48,1,0,0,"33.223191","43.679291"
"Iraq",2020-01-11,33,41,49,1,0,0,"33.223191","43.679291"
"Iraq",2020-01-12,34,43,52,2,0,0,"33.223191","43.679291"
"Iraq",2020-01-13,35,44,53,2,0,0,"33.223191","43.679291"
"Iraq",2020-01-14,36,46,56,2,0,0,"33.223191","43.679291"
"Iraq",2020-01-15,37,47,57,2,0,0,"33.223191","43.679291"
"Iraq",2020-01-16,39,49,59,2,0,0,"33.223191","43.679291"
"Iraq",2020-01-17,40,51,62,2,0,0,"33.223191","43.679291"
"Iraq",2020-01-18,41,52,63,2,0,0,"33.223191","43.679291"
"Iraq",2020-01-19,43,54,65,2,0,0,"33.223191","43.679291"
"Iraq",2020-01-20,44,56,68,2,0,0,"33.223191","43.679291"
"Iraq",2020-01-21,46,58,70,2,0,0,"33.223191","43.679291"
"Iraq",2020-01-22,48,60,72,2,0,0,"33.223191","43.679291"
"Iraq",2020-01-23,50,63,76,2,0,0,"33.223191","43.679291"
"Iraq",2020-01-24,52,65,78,2,0,0,"33.223191","43.679291"
"Iraq",2020-01-25,53,67,81,2,0,0,"33.223191","43.679291"
"Iraq",2020-01-26,55,69,83,2,0,0,"33.223191","43.679291"
"Iraq",2020-01-27,57,72,87,3,0,0,"33.223191","43.679291"
"Iraq",2020-01-28,59,74,89,3,0,0,"33.223191","43.679291"
"Iraq",2020-01-29,61,77,93,3,0,0,"33.223191","43.679291"
"Iraq",2020-01-30,63,80,97,3,0,0,"33.223191","43.679291"
"Iraq",2020-01-31,66,83,100,3,0,0,"33.223191","43.679291"
"Iraq",2020-02-01,68,86,104,3,0,0,"33.223191","43.679291"
"Iraq",2020-02-02,71,89,107,3,0,0,"33.223191","43.679291"
"Iraq",2020-02-03,73,92,111,3,0,0,"33.223191","43.679291"
"Iraq",2020-02-04,75,95,115,3,0,0,"33.223191","43.679291"
"Iraq",2020-02-05,79,99,119,4,0,0,"33.223191","43.679291"
"Iraq",2020-02-06,81,102,123,4,0,0,"33.223191","43.679291"
"Iraq",2020-02-07,84,106,128,4,0,0,"33.223191","43.679291"
"Iraq",2020-02-08,87,110,133,4,0,0,"33.223191","43.679291"
"Iraq",2020-02-09,90,113,136,4,0,0,"33.223191","43.679291"
"Iraq",2020-02-10,93,117,141,4,0,0,"33.223191","43.679291"
"Iraq",2020-02-11,97,122,147,4,0,0,"33.223191","43.679291"
"Iraq",2020-02-12,100,126,152,4,0,0,"33.223191","43.679291"
"Iraq",2020-02-13,104,131,158,5,0,0,"33.223191","43.679291"
"Iraq",2020-02-14,107,135,163,5,0,0,"33.223191","43.679291"
"Iraq",2020-02-15,111,140,169,5,0,0,"33.223191","43.679291"
"Iraq",2020-02-16,115,145,175,5,0,0,"33.223191","43.679291"
"Iraq",2020-02-17,119,150,181,5,0,0,"33.223191","43.679291"
"Iraq",2020-02-18,124,156,188,6,0,0,"33.223191","43.679291"
"Iraq",2020-02-19,128,161,194,6,0,0,"33.223191","43.679291"
"Iraq",2020-02-20,132,167,202,6,0,0,"33.223191","43.679291"
"Iraq",2020-02-21,137,173,209,6,0,0,"33.223191","43.679291"
"Iraq",2020-02-22,142,179,216,6,0,0,"33.223191","43.679291"
"Iraq",2020-02-23,147,185,223,7,0,0,"33.223191","43.679291"
"Iraq",2020-02-24,152,192,232,7,1,0,"33.223191","43.679291"
"Iraq",2020-02-25,158,199,240,7,5,0,"33.223191","43.679291"
"Iraq",2020-02-26,163,206,249,7,5,0,"33.223191","43.679291"
"Iraq",2020-02-27,169,213,257,8,6,0,"33.223191","43.679291"
"Iraq",2020-02-28,175,221,267,8,7,0,"33.223191","43.679291"
"Iraq",2020-02-29,182,229,276,8,13,0,"33.223191","43.679291"
"Iraq",2020-03-01,188,237,286,8,19,0,"33.223191","43.679291"
"Iraq",2020-03-02,194,245,296,9,21,0,"33.223191","43.679291"
"Iraq",2020-03-03,202,254,306,9,26,0,"33.223191","43.679291"
"Iraq",2020-03-04,209,263,317,9,31,2,"33.223191","43.679291"
"Iraq",2020-03-05,216,272,328,10,38,NA,"33.223191","43.679291"
"Iraq",2020-03-06,224,282,340,10,0,2,"33.223191","43.679291"
"Iraq",2020-03-07,232,292,352,10,54,6,"33.223191","43.679291"
"Iraq",2020-03-08,240,303,366,11,61,NA,"33.223191","43.679291"
"Iraq",2020-03-09,248,313,378,11,0,6,"33.223191","43.679291"
"Iraq",2020-03-10,258,325,392,12,61,8,"33.223191","43.679291"
"Iraq",2020-03-11,267,336,405,12,70,8,"33.223191","43.679291"
"Iraq",2020-03-12,276,348,420,12,74,9,"33.223191","43.679291"
"Iraq",2020-03-13,286,361,436,13,85,9,"33.223191","43.679291"
"Iraq",2020-03-14,296,373,450,13,85,9,"33.223191","43.679291"
"Iraq",2020-03-15,307,387,467,14,124,9,"33.223191","43.679291"
"Iraq",2020-03-16,318,401,484,14,124,11,"33.223191","43.679291"
"Iraq",2020-03-17,329,415,501,15,154,12,"33.223191","43.679291"
"Iraq",2020-03-18,341,430,519,15,164,12,"33.223191","43.679291"
"Iraq",2020-03-19,353,445,537,16,177,14,"33.223191","43.679291"
"Iraq",2020-03-20,366,461,556,16,193,17,"33.223191","43.679291"
"Iraq",2020-03-21,378,477,576,17,214,20,"33.223191","43.679291"
"Iraq",2020-03-22,392,494,596,18,233,23,"33.223191","43.679291"
"Iraq",2020-03-23,406,512,618,18,266,27,"33.223191","43.679291"
"Iraq",2020-03-24,420,530,640,19,316,29,"33.223191","43.679291"
"Iraq",2020-03-25,436,549,662,20,346,36,"33.223191","43.679291"
"Iraq",2020-03-26,451,569,687,20,382,40,"33.223191","43.679291"
"Iraq",2020-03-27,467,589,711,21,458,42,"33.223191","43.679291"
"Iraq",2020-03-28,484,610,736,22,506,42,"33.223191","43.679291"
"Iraq",2020-03-29,501,632,763,22,547,46,"33.223191","43.679291"
"Iraq",2020-03-30,519,654,789,23,630,50,"33.223191","43.679291"
"Iraq",2020-03-31,538,678,818,24,694,50,"33.223191","43.679291"
"Iraq",2020-04-01,557,702,847,25,694,54,"33.223191","43.679291"
"Iraq",2020-04-02,577,727,877,26,772,54,"33.223191","43.679291"
"Iraq",2020-04-03,597,753,909,27,772,56,"33.223191","43.679291"
"Iraq",2020-04-04,619,780,941,28,878,61,"33.223191","43.679291"
"Iraq",2020-04-05,640,807,974,29,961,64,"33.223191","43.679291"
"Iraq",2020-04-06,663,836,1009,30,1031,64,"33.223191","43.679291"
"Iraq",2020-04-07,687,866,1045,31,1031,69,"33.223191","43.679291"
"Iraq",2020-04-08,712,897,1082,32,1202,69,"33.223191","43.679291"
"Iraq",2020-04-09,737,929,1121,33,1232,70,"33.223191","43.679291"
"Iraq",2020-04-10,763,962,1161,34,1279,72,"33.223191","43.679291"
"Iraq",2020-04-11,790,996,1202,35,1318,76,"33.223191","43.679291"
"Iraq",2020-04-12,819,1032,1245,37,1352,78,"33.223191","43.679291"
"Iraq",2020-04-13,848,1069,1290,38,1378,78,"33.223191","43.679291"
"Iraq",2020-04-14,878,1107,1336,39,1400,79,"33.223191","43.679291"
"Iraq",2020-04-15,909,1146,1383,41,1415,80,"33.223191","43.679291"
"Iraq",2020-04-16,942,1187,1432,42,1434,81,"33.223191","43.679291"
"Iraq",2020-04-17,976,1230,1484,44,1482,81,"33.223191","43.679291"
"Iraq",2020-04-18,1010,1273,1536,45,1482,82,"33.223191","43.679291"
"Iraq",2020-04-19,1046,1319,1592,47,1539,82,"33.223191","43.679291"
"Iraq",2020-04-20,1084,1366,1648,49,1574,83,"33.223191","43.679291"
"Iraq",2020-04-21,1123,1415,1707,50,1602,83,"33.223191","43.679291"
"Iraq",2020-04-22,1162,1465,1768,52,1602,83,"33.223191","43.679291"
"Iraq",2020-04-23,1204,1517,1830,54,1677,86,"33.223191","43.679291"
"Iraq",2020-04-24,1246,1571,1896,56,1708,86,"33.223191","43.679291"
"Iraq",2020-04-25,1292,1628,1964,58,1763,87,"33.223191","43.679291"
"Iraq",2020-04-26,1338,1686,2034,60,1820,88,"33.223191","43.679291"
"Iraq",2020-04-27,1385,1746,2107,62,1847,88,"33.223191","43.679291"
"Iraq",2020-04-28,1434,1808,2182,64,1847,92,"33.223191","43.679291"
"Iraq",2020-04-29,1485,1872,2259,67,2003,93,"33.223191","43.679291"
"Iraq",2020-04-30,1538,1939,2340,69,2085,94,"33.223191","43.679291"
"Iraq",2020-05-01,1593,2008,2423,71,2153,95,"33.223191","43.679291"
"Iraq",2020-05-02,1650,2080,2510,74,2219,97,"33.223191","43.679291"
"Iraq",2020-05-03,1709,2154,2599,77,2296,98,"33.223191","43.679291"
"Iraq",2020-05-04,1770,2231,2692,79,2346,102,"33.223191","43.679291"
"Iraq",2020-05-05,1833,2311,2789,82,2431,102,"33.223191","43.679291"
"Iraq",2020-05-06,1899,2393,2887,85,2480,102,"33.223191","43.679291"
"Iraq",2020-05-07,1966,2478,2990,88,2543,104,"33.223191","43.679291"
"Iraq",2020-05-08,2037,2567,3097,91,2603,107,"33.223191","43.679291"
"Iraq",2020-05-09,2109,2658,3207,95,2679,109,"33.223191","43.679291"
"Iraq",2020-05-10,2184,2753,3322,98,2767,110,"33.223191","43.679291"
"Iraq",2020-05-11,2262,2851,3440,101,2818,112,"33.223191","43.679291"
"Iraq",2020-05-12,2343,2953,3563,105,2913,115,"33.223191","43.679291"
"Iraq",2020-05-13,2426,3058,3690,109,3032,115,"33.223191","43.679291"
"Iraq",2020-05-14,2513,3167,3821,113,3143,117,"33.223191","43.679291"
"Iraq",2020-05-15,2602,3280,3958,117,3193,121,"33.223191","43.679291"
"Iraq",2020-05-16,2695,3397,4099,121,3260,123,"33.223191","43.679291"
"Iraq",2020-05-17,2792,3519,4246,125,3404,127,"33.223191","43.679291"
"Iraq",2020-05-18,2891,3644,4397,130,3554,131,"33.223191","43.679291"
"Iraq",2020-05-19,2994,3774,4554,134,3611,134,"33.223191","43.679291"
"Iraq",2020-05-20,3101,3909,4717,139,3724,140,"33.223191","43.679291"
"Iraq",2020-05-21,3212,4048,4884,144,3877,147,"33.223191","43.679291"
"Iraq",2020-05-22,3327,4193,5059,149,3964,152,"33.223191","43.679291"
"Iraq",2020-05-23,3445,4342,5239,154,4272,152,"33.223191","43.679291"
"Iraq",2020-05-24,3568,4497,5426,160,NA,NA,"33.223191","43.679291"
"Iraq",2020-05-25,3695,4657,5619,166,NA,NA,"33.223191","43.679291"
"Iraq",2020-05-26,3826,4823,5820,172,NA,NA,"33.223191","43.679291"
"Iraq",2020-05-27,3963,4995,6027,178,NA,NA,"33.223191","43.679291"
"Iraq",2020-05-28,4105,5174,6243,184,NA,NA,"33.223191","43.679291"
"Iraq",2020-05-29,4251,5358,6465,191,NA,NA,"33.223191","43.679291"
"Iraq",2020-05-30,4402,5549,6696,197,NA,NA,"33.223191","43.679291"
