"dia_ano","dias","otimista","casos_estimados","pessimista","x"
104,31-03-13,-1,6,13,NA
105,31-03-14,-1,7,15,NA
106,31-03-15,-1,8,17,NA
107,31-03-16,-1,9,19,NA
108,31-03-17,-1,10,21,NA
109,31-03-18,-2,12,26,NA
110,31-03-19,-2,14,30,NA
111,31-03-20,-2,16,34,1
112,31-03-21,-2,18,38,NA
113,31-03-22,-3,21,45,NA
114,31-03-23,-3,24,51,NA
115,31-03-24,-4,28,60,NA
116,31-03-25,-4,32,68,NA
117,31-03-26,-5,37,79,NA
118,31-03-27,-5,43,91,NA
