"dia_ano","dias","otimista","casos_estimados","pessimista","x"
92,2020-04-01,0,1,2,1
93,2020-04-02,0,1,2,1
94,2020-04-03,0,2,4,1
95,2020-04-04,0,2,4,1
96,2020-04-05,1,3,5,3
97,2020-04-06,1,4,7,5
98,2020-04-07,1,5,9,6
99,2020-04-08,2,7,12,7
100,2020-04-09,2,9,16,NA
101,2020-04-10,3,11,19,NA
102,2020-04-11,4,15,26,NA
103,2020-04-12,5,19,33,NA
104,2020-04-13,6,25,44,NA
105,2020-04-14,8,32,56,NA
106,2020-04-15,10,42,74,NA
